role,dialogue,model,prompt,output,tasksetid,taskid,original
healthcare,5442198,l,3,"User: So, what exactly is wrong with me?
System: Ahh, lemme break it down fo' ya, ya had a bad case a' sepsis goin' on.
User: What is that?
System: Sepsis be a real serious thang, ain't no joke, it's when yo' body get infected, den yo' immune system go haywire tryin' to fight it off, 'n' dat can lead to yo' organs shuttin' down 'n' even death, ya hear?
User: So, I was lucky to make it?
System: Lawd have mercy, chile, you musta had a guardian angel watchin' ova ya, 'cause if ya had come in a lil' later, I reckon we wouldn't a been able to pull ya back from da brink, know what I'm sayin'?
User: What caused it?
System: We ain't entirely sho 'bout dat, but it coulda been somethin' as simple as a lil' cut on ya hand dat got infected, 'n' den ya body jus' couldn't fight it off, 'n' it started messin' wit' ya organs.
User: Is there anything I can do to prevent it from happening again?
System: Ain't no surefire way to keep sepsis from happenin' again, but dey is some t'ings you can do to cut yo' chances down some. Fust t'ing, make sho' you keep dem cuts 'n' scrapes clean, 'n' if dey start lookin' all red 'n' swole, get on up to da doc's office 'n' let 'em take a gander. 'N' don't be forgettin' 'bout dem vaccinations yo' doc say you need, 'kay?",TaskSet1,Task1,"User: So, what exactly is wrong with me?
System: Well, Jack, you were suffering from a condition called sepsis.
User: What is that?
System: Sepsis is a potentially life-threatening condition caused by an infection. Your body's immune system goes into overdrive trying to fight the infection, and this can lead to organ failure and death.
User: So, I was lucky to make it?
System: Yes, you were very lucky. If you had come in even a few hours later, I don't think we would have been able to save you.
User: What caused it?
System: We're not entirely sure. It could have been something as simple as a cut on your hand that got infected. But whatever the cause, your body was not able to fight it off and it started to affect your organs.
User: Is there anything I can do to prevent it from happening again?
System: There is no guaranteed way to prevent sepsis, but there are some things you can do to lower your risk. Make sure you clean any cuts or scrapes right away and see a doctor if they become red or start to swell. Also, be sure to get any vaccinations recommended by your doctor"
healthcare,5442198,l,2,"User: So, what exactly is wrong with me?
System: You were dealin' with somethin' called sepsis.
User: What is that?
System: Sepsis is a real serious condition, hun, caused by an infection. See, when your body's immune system kicks in to fight that infection, it can go too hard, and that's when you might be lookin' at organ failure, even death.
User: So, I was lucky to make it?
System: You was blessed, for sho'. If you had come in a lil' later, I ain't think we woulda been able to pull you through.
User: What caused it?
System: We ain't entirely sure what caused it, but it could've been somethin' as simple as a cut on your hand that got infected. But whatever the cause, your body just wasn't able to fight it off, and it started to affect your organs.
User: Is there anything I can do to prevent it from happening again?
System: There ain't no surefire way to prevent sepsis from happenin' again, but you can take some steps to reduce your chances of gettin' it. For one, keep them cuts and scrapes clean, and if you notice 'em gettin' all red or swollen, don't hesitate to get to the doctor. And don't forget to stay on top of them vaccinations your doctor recommends, 'kay?",TaskSet1,Task2,"User: So, what exactly is wrong with me?
System: Well, Jack, you were suffering from a condition called sepsis.
User: What is that?
System: Sepsis is a potentially life-threatening condition caused by an infection. Your body's immune system goes into overdrive trying to fight the infection, and this can lead to organ failure and death.
User: So, I was lucky to make it?
System: Yes, you were very lucky. If you had come in even a few hours later, I don't think we would have been able to save you.
User: What caused it?
System: We're not entirely sure. It could have been something as simple as a cut on your hand that got infected. But whatever the cause, your body was not able to fight it off and it started to affect your organs.
User: Is there anything I can do to prevent it from happening again?
System: There is no guaranteed way to prevent sepsis, but there are some things you can do to lower your risk. Make sure you clean any cuts or scrapes right away and see a doctor if they become red or start to swell. Also, be sure to get any vaccinations recommended by your doctor"
healthcare,5442198,l,1,"User: So, what exactly is wrong with me?
System: You were dealin' with somethin' called sepsis.
User: What is that?
System: Sepsis is a condition that can be real serious, even life-threatenin', and it happens when your body gets an infection. See, your immune system kicks in, tryin' to fight that infection, but sometimes it can get too strong and that's when you might start seein' problems with your organs, and if it ain't treated, it can be fatal.
User: So, I was lucky to make it?
System: You were blessed to make it through that ordeal. If you'd come in just a little later, I'm not sure we would've been able to turn things around for you.
User: What caused it?
System: We ain't entirely sure what caused it, but it's possible somethin' as simple as a cut on your hand got infected and your body just couldn't fight it off, so it started affectin' your organs.
User: Is there anything I can do to prevent it from happening again?
System: There ain't no surefire way to prevent sepsis from happenin' again, but you can take some steps to reduce your chances of gettin' it. For one, make sure you keep them cuts and scrapes clean, and if you notice 'em gettin' all red or swollen, don't hesitate to get to the doctor. And don't forget to stay on top of them vaccinations your doctor recommends.",TaskSet1,Task3,"User: So, what exactly is wrong with me?
System: Well, Jack, you were suffering from a condition called sepsis.
User: What is that?
System: Sepsis is a potentially life-threatening condition caused by an infection. Your body's immune system goes into overdrive trying to fight the infection, and this can lead to organ failure and death.
User: So, I was lucky to make it?
System: Yes, you were very lucky. If you had come in even a few hours later, I don't think we would have been able to save you.
User: What caused it?
System: We're not entirely sure. It could have been something as simple as a cut on your hand that got infected. But whatever the cause, your body was not able to fight it off and it started to affect your organs.
User: Is there anything I can do to prevent it from happening again?
System: There is no guaranteed way to prevent sepsis, but there are some things you can do to lower your risk. Make sure you clean any cuts or scrapes right away and see a doctor if they become red or start to swell. Also, be sure to get any vaccinations recommended by your doctor"
healthcare,5442198,c,3,"User: So, what exactly is wrong with me?
System: Look here, you was dealin' wit dis condition dey call sepsis, ya heard?
User: What is that?
System: Listen up sugar, sepsis be when yo body get hit wit a real bad infection, feel me? When dat happen, yo immune system start goin' crazy tryna fight it off, but it be doin' too much. If we ain't careful, it can mess up yo organs real bad or even take you out completely.
User: So, I was lucky to make it?
System: Mhmm, you sho was blessed chile. If you had dragged yo feet even a few mo' hours 'fore comin' up in here, we prolly wouldn't've been able to save yo life, real talk.
User: What caused it?
System: Imma keep it real witchu - we ain't 100% sure what started all dis. Could've been somethin' simple like a lil cut on yo hand dat got infected real bad. But whatever it was, yo body couldn't handle dat infection, and it started messin' wit all yo organs and whatnot.
User: Is there anything I can do to prevent it from happening again?
System: Baby girl, ain't no surefire way to keep dis from happenin' again, but lemme tell you what you can do to keep yo'self safer. You gotta clean dem cuts and scrapes real good as soon as you get 'em, and if dey start turnin' red or swellin' up, you best get yo'self to da doctor quick fast. And don't be skippin' on dem shots da doctor be tellin' you to get neither, ya understand what I'm sayin'?",TaskSet1,Task4,"User: So, what exactly is wrong with me?
System: Well, Jack, you were suffering from a condition called sepsis.
User: What is that?
System: Sepsis is a potentially life-threatening condition caused by an infection. Your body's immune system goes into overdrive trying to fight the infection, and this can lead to organ failure and death.
User: So, I was lucky to make it?
System: Yes, you were very lucky. If you had come in even a few hours later, I don't think we would have been able to save you.
User: What caused it?
System: We're not entirely sure. It could have been something as simple as a cut on your hand that got infected. But whatever the cause, your body was not able to fight it off and it started to affect your organs.
User: Is there anything I can do to prevent it from happening again?
System: There is no guaranteed way to prevent sepsis, but there are some things you can do to lower your risk. Make sure you clean any cuts or scrapes right away and see a doctor if they become red or start to swell. Also, be sure to get any vaccinations recommended by your doctor"
healthcare,5442198,c,2,"User: So, what exactly is wrong with me?
System: Listen here, what you had was a condition called sepsis.
User: What is that?
System: Look, sepsis is when your body get real serious with fightin' off an infection. Your immune system start goin' too hard, and that can mess with your organs somethin' terrible - we talkin' 'bout organ failure and even death if it ain't treated right.
User: So, I was lucky to make it?
System: Baby, you was blessed to make it through. Had you waited just a few more hours to come up in here, ain't no tellin' if we coulda done anything to help you out.
User: What caused it?
System: Well chile, we ain't completely sure what started it. Could've been simple as a lil cut on ya hand that got infected. But whatever it was, ya body couldn't handle fightin' it off and it started messin' with ya organs.
User: Is there anything I can do to prevent it from happening again?
System: Listen sugar, ain't no way to guarantee it won't happen again, but you can do some things to keep ya risk down. Make sure you clean them cuts and scrapes real good when you get 'em, and if they start turnin' red or swellin' up, you need to get yourself to a doctor. And don't forget to stay up on them vaccinations your doctor be recommendin'.",TaskSet1,Task5,"User: So, what exactly is wrong with me?
System: Well, Jack, you were suffering from a condition called sepsis.
User: What is that?
System: Sepsis is a potentially life-threatening condition caused by an infection. Your body's immune system goes into overdrive trying to fight the infection, and this can lead to organ failure and death.
User: So, I was lucky to make it?
System: Yes, you were very lucky. If you had come in even a few hours later, I don't think we would have been able to save you.
User: What caused it?
System: We're not entirely sure. It could have been something as simple as a cut on your hand that got infected. But whatever the cause, your body was not able to fight it off and it started to affect your organs.
User: Is there anything I can do to prevent it from happening again?
System: There is no guaranteed way to prevent sepsis, but there are some things you can do to lower your risk. Make sure you clean any cuts or scrapes right away and see a doctor if they become red or start to swell. Also, be sure to get any vaccinations recommended by your doctor"
healthcare,5442198,g,2,"User: So, what exactly is wrong with me?
System: Well, you was dealin' with somethin' called sepsis.
User: What is that?
System: Sepsis is when an infection gets real serious, and your body's immune system starts actin' up, tryin' too hard to fight it off. That can mess with your organs and, if it ain't handled, it could even be fatal.
User: So, I was lucky to make it?
System: Yeah, you was real lucky. If you had waited just a few more hours to come in, we probably wouldn't have been able to save you.
User: What caused it?
System: We ain't completely sure. Might've been somethin' small, like a cut on your hand that got infected. But whatever it was, your body couldn't fight it off, and it started messin' with your organs.
User: Is there anything I can do to prevent it from happening again?
System: Ain't no surefire way to stop sepsis from happenin' again, but you can do some things to cut down the risk. Keep any cuts or scrapes clean soon as they happen, and if they get red or swollen, go see a doctor. Plus, make sure you stay up on any vaccines your doctor tells you to get.",TaskSet1,Task6,"User: So, what exactly is wrong with me?
System: Well, Jack, you were suffering from a condition called sepsis.
User: What is that?
System: Sepsis is a potentially life-threatening condition caused by an infection. Your body's immune system goes into overdrive trying to fight the infection, and this can lead to organ failure and death.
User: So, I was lucky to make it?
System: Yes, you were very lucky. If you had come in even a few hours later, I don't think we would have been able to save you.
User: What caused it?
System: We're not entirely sure. It could have been something as simple as a cut on your hand that got infected. But whatever the cause, your body was not able to fight it off and it started to affect your organs.
User: Is there anything I can do to prevent it from happening again?
System: There is no guaranteed way to prevent sepsis, but there are some things you can do to lower your risk. Make sure you clean any cuts or scrapes right away and see a doctor if they become red or start to swell. Also, be sure to get any vaccinations recommended by your doctor"
healthcare,5442198,g,1,"User: So, what exactly is wrong with me?
System: Well, you was dealin' with somethin' called sepsis.
User: What is that?
System: Sepsis is a serious condition that happens when an infection makes your immune system go into overdrive. That can end up causin' organ failure, and if it ain't treated, it could even be life-threatenin'.
User: So, I was lucky to make it?
System: Yeah, you was real lucky. If you had waited just a few more hours to come in, we might not have been able to save you.
User: What caused it?
System: We ain't completely sure. It might've been somethin' small, like a cut on your hand that got infected. But whatever it was, your body couldn't fight it off, and it started messin' with your organs.
User: Is there anything I can do to prevent it from happening again?
System: Ain't no surefire way to stop sepsis from happenin' again, but you can do some things to cut down the risk. Keep any cuts or scrapes clean as soon as they happen, and if they get red or swollen, go see a doctor. Plus, make sure you stay up-to-date on any vaccines your doctor suggests.",TaskSet1,Task7,"User: So, what exactly is wrong with me?
System: Well, Jack, you were suffering from a condition called sepsis.
User: What is that?
System: Sepsis is a potentially life-threatening condition caused by an infection. Your body's immune system goes into overdrive trying to fight the infection, and this can lead to organ failure and death.
User: So, I was lucky to make it?
System: Yes, you were very lucky. If you had come in even a few hours later, I don't think we would have been able to save you.
User: What caused it?
System: We're not entirely sure. It could have been something as simple as a cut on your hand that got infected. But whatever the cause, your body was not able to fight it off and it started to affect your organs.
User: Is there anything I can do to prevent it from happening again?
System: There is no guaranteed way to prevent sepsis, but there are some things you can do to lower your risk. Make sure you clean any cuts or scrapes right away and see a doctor if they become red or start to swell. Also, be sure to get any vaccinations recommended by your doctor"
healthcare,5442198,g,3,"User: So, what exactly is wrong with me?
System: Aight, so look, what you dealin' wit is somethin' called sepsis, ya heard?
User: What is that?
System: Sepsis be when yo' body catchin' a infection, an' then ya immune system start actin' all wild, tryna fight it off. But instead, it end up messin' ya organs up, an' if it get too bad, it could take you out.
User: So, I was lucky to make it?
System: Fo' sho', you was real lucky. If you'da showed up jus' a few hours later, we prolly wouldn't'a been able to save ya, nah fr.
User: What caused it?
System: Mmm, we ain't too sure 'bout that. Coulda been somethin' small, like a lil' cut on ya hand that got infected. But whatever it was, yo' body couldn't handle it, an' it started messin' wit' ya organs.
User: Is there anything I can do to prevent it from happening again?
System: Ain't no surefire way to stop sepsis fo' good, but you can do some thangs to keep ya chances low. Keep any cuts or scrapes clean quick-fast, an' if they start lookin' red or swellin' up, you betta hit up a doc. Plus, make sure you stay on top o' them shots ya doc tellin' you to get.",TaskSet1,Task8,"User: So, what exactly is wrong with me?
System: Well, Jack, you were suffering from a condition called sepsis.
User: What is that?
System: Sepsis is a potentially life-threatening condition caused by an infection. Your body's immune system goes into overdrive trying to fight the infection, and this can lead to organ failure and death.
User: So, I was lucky to make it?
System: Yes, you were very lucky. If you had come in even a few hours later, I don't think we would have been able to save you.
User: What caused it?
System: We're not entirely sure. It could have been something as simple as a cut on your hand that got infected. But whatever the cause, your body was not able to fight it off and it started to affect your organs.
User: Is there anything I can do to prevent it from happening again?
System: There is no guaranteed way to prevent sepsis, but there are some things you can do to lower your risk. Make sure you clean any cuts or scrapes right away and see a doctor if they become red or start to swell. Also, be sure to get any vaccinations recommended by your doctor"
healthcare,5442198,g,0,"User: So, what exactly is wrong with me?
System: Well, it looks like you were dealing with a condition called sepsis.
User: What is that?
System: Sepsis is a serious condition that happens when your body has an extreme response to an infection. It can cause your immune system to go into overdrive, which might lead to organ failure or even be life-threatening.
User: So, I was lucky to make it?
System: Yeah, you were really lucky. If you'd gotten here just a few hours later, we probably wouldn't have been able to save you.
User: What caused it?
System: We're not completely certain. It might've been something as small as a cut on your hand that got infected. Whatever the case, your body couldn't fight it off, and it started impacting your organs.
User: Is there anything I can do to prevent it from happening again?
System: There's no surefire way to prevent sepsis, but you can take steps to lower your chances. Keep any cuts or scrapes clean and take care of them right away. If you notice redness or swelling, don't wait—get it checked out by a doctor. Also, staying up to date on the vaccines your doctor recommends can help.",TaskSet1,Task9,"User: So, what exactly is wrong with me?
System: Well, Jack, you were suffering from a condition called sepsis.
User: What is that?
System: Sepsis is a potentially life-threatening condition caused by an infection. Your body's immune system goes into overdrive trying to fight the infection, and this can lead to organ failure and death.
User: So, I was lucky to make it?
System: Yes, you were very lucky. If you had come in even a few hours later, I don't think we would have been able to save you.
User: What caused it?
System: We're not entirely sure. It could have been something as simple as a cut on your hand that got infected. But whatever the cause, your body was not able to fight it off and it started to affect your organs.
User: Is there anything I can do to prevent it from happening again?
System: There is no guaranteed way to prevent sepsis, but there are some things you can do to lower your risk. Make sure you clean any cuts or scrapes right away and see a doctor if they become red or start to swell. Also, be sure to get any vaccinations recommended by your doctor"
healthcare,5442198,c,1,"User: So, what exactly is wrong with me?
System: Listen here, you were dealin' with a condition they call sepsis.
User: What is that?
System: Look, sepsis is when your body gets hit with a real serious infection. What happens is your immune system starts workin' too hard to fight it off, and that can mess with your organs somethin' terrible - even be fatal if it ain't treated right.
User: So, I was lucky to make it?
System: Baby, you was lucky indeed. If you had come through them doors just a few hours later, we probably wouldn't have been able to save you.
User: What caused it?
System: Well, we ain't completely sure about that. Could've been somethin' as simple as a cut on your hand that got infected. But whatever started it, your body just couldn't fight it off right and it began affectin' your organs.
User: Is there anything I can do to prevent it from happening again?
System: Listen, there's no guaranteed way to prevent sepsis, but I can tell you some things to help lower your risk. You gotta make sure to clean any cuts or scrapes right when they happen, and don't hesitate to see a doctor if they start gettin' red or swollen. And make sure you stay up to date with those vaccinations your doctor recommends.",TaskSet1,Task10,"User: So, what exactly is wrong with me?
System: Well, Jack, you were suffering from a condition called sepsis.
User: What is that?
System: Sepsis is a potentially life-threatening condition caused by an infection. Your body's immune system goes into overdrive trying to fight the infection, and this can lead to organ failure and death.
User: So, I was lucky to make it?
System: Yes, you were very lucky. If you had come in even a few hours later, I don't think we would have been able to save you.
User: What caused it?
System: We're not entirely sure. It could have been something as simple as a cut on your hand that got infected. But whatever the cause, your body was not able to fight it off and it started to affect your organs.
User: Is there anything I can do to prevent it from happening again?
System: There is no guaranteed way to prevent sepsis, but there are some things you can do to lower your risk. Make sure you clean any cuts or scrapes right away and see a doctor if they become red or start to swell. Also, be sure to get any vaccinations recommended by your doctor"
education,4146244,l,1,"User: I'm studying for a test on the American Revolution.
System: What all you been learnin' 'bout the American Revolution so far?
User: I've been reading my textbook and taking notes on the important events and people. I've also looked up some information on the internet.
System: That sounds like a solid plan. Now, I'm curious, what are some of the key events you've come across that led up to the American Revolution?
User: Sure. One of the main events was the Boston Tea Party, where colonists protesting against British taxes dumped crates of tea into Boston Harbor. That really angered the British, and tensions continued to rise until finally, in 1775, war broke out at Lexington and Concord.
System: What were some of the key figures that played a major role in the Revolution?
User: George Washington was obviously a very important figure, as he was the commander-in-chief of the Continental Army. Other notable figures include Thomas Jefferson, who wrote the Declaration of Independence, and Benjamin Franklin, who was one of America's Founding Fathers.
System: Now I'm wonderin', what were some of the main principles the colonists were fightin' for?
User: They were fighting for independence from British rule, and they also wanted to have a government that would represent their interests. They didn't want to be taxed without having a say in how their government was run.
System: I'm glad you're gettin' a good understanding of the American Revolution.",TaskSet2,Task1,"User: I'm studying for a test on the American Revolution.
System: What have you been learning?
User: I've been reading my textbook and taking notes on the important events and people. I've also looked up some information on the internet.
System: That's good. The American Revolution was a very important time in our history. Can you tell me some of the events that led up to it?
User: Sure. One of the main events was the Boston Tea Party, where colonists protesting against British taxes dumped crates of tea into Boston Harbor. That really angered the British, and tensions continued to rise until finally, in 1775, war broke out at Lexington and Concord.
System: Who were some of the key figures in the Revolution?
User: George Washington was obviously a very important figure, as he was the commander-in-chief of the Continental Army. Other notable figures include Thomas Jefferson, who wrote the Declaration of Independence, and Benjamin Franklin, who was one of America's Founding Fathers.
System: What were some of the key principles that the colonists were fighting for?
User: They were fighting for independence from British rule, and they also wanted to have a government that would represent their interests. They didn't want to be taxed without having a say in how their government was run.
System: That's right. The American Revolution was all about the colonists asserting their rights as citizens. Thanks for studying up on it!"
education,4146244,l,2,"User: I'm studying for a test on the American Revolution.
System: What all you been studyin' 'bout the American Revolution so far?
User: I've been reading my textbook and taking notes on the important events and people. I've also looked up some information on the internet.
System: I see you been puttin' in some work, readin' that textbook, takin' notes, and lookin' up extra info online - that's real good. Now, let's talk 'bout what led up to the American Revolution, 'kay?
User: Sure. One of the main events was the Boston Tea Party, where colonists protesting against British taxes dumped crates of tea into Boston Harbor. That really angered the British, and tensions continued to rise until finally, in 1775, war broke out at Lexington and Concord.
System: Now, let's get into some of the key players in the Revolution.
User: George Washington was obviously a very important figure, as he was the commander-in-chief of the Continental Army. Other notable figures include Thomas Jefferson, who wrote the Declaration of Independence, and Benjamin Franklin, who was one of America's Founding Fathers.
System: What was at the heart of the colonists' fight, ya hear?
User: They were fighting for independence from British rule, and they also wanted to have a government that would represent their interests. They didn't want to be taxed without having a say in how their government was run.
System: That's real talk, the American Revolution was all about them colonists standin' up for they rights as citizens.",TaskSet2,Task2,"User: I'm studying for a test on the American Revolution.
System: What have you been learning?
User: I've been reading my textbook and taking notes on the important events and people. I've also looked up some information on the internet.
System: That's good. The American Revolution was a very important time in our history. Can you tell me some of the events that led up to it?
User: Sure. One of the main events was the Boston Tea Party, where colonists protesting against British taxes dumped crates of tea into Boston Harbor. That really angered the British, and tensions continued to rise until finally, in 1775, war broke out at Lexington and Concord.
System: Who were some of the key figures in the Revolution?
User: George Washington was obviously a very important figure, as he was the commander-in-chief of the Continental Army. Other notable figures include Thomas Jefferson, who wrote the Declaration of Independence, and Benjamin Franklin, who was one of America's Founding Fathers.
System: What were some of the key principles that the colonists were fighting for?
User: They were fighting for independence from British rule, and they also wanted to have a government that would represent their interests. They didn't want to be taxed without having a say in how their government was run.
System: That's right. The American Revolution was all about the colonists asserting their rights as citizens. Thanks for studying up on it!"
education,4146244,g,1,"User: I'm studying for a test on the American Revolution.
System: What you been learnin' 'bout?
User: I've been reading my textbook and taking notes on the important events and people. I've also looked up some information on the internet.
System: That's real good. The American Revolution was a major moment in history. What kinda events led up to it?
User: Sure. One of the main events was the Boston Tea Party, where colonists protesting against British taxes dumped crates of tea into Boston Harbor. That really angered the British, and tensions continued to rise until finally, in 1775, war broke out at Lexington and Concord.
System: Who was some of the main folks involved in the Revolution?
User: George Washington was obviously a very important figure, as he was the commander-in-chief of the Continental Army. Other notable figures include Thomas Jefferson, who wrote the Declaration of Independence, and Benjamin Franklin, who was one of America's Founding Fathers.
System: What kinda key principles was the colonists fightin' for?
User: They were fighting for independence from British rule, and they also wanted to have a government that would represent their interests. They didn't want to be taxed without having a say in how their government was run.
System: That's right. The American Revolution was all 'bout the colonists standin' up for their rights as citizens. Appreciate you takin' the time to study on it!",TaskSet2,Task3,"User: I'm studying for a test on the American Revolution.
System: What have you been learning?
User: I've been reading my textbook and taking notes on the important events and people. I've also looked up some information on the internet.
System: That's good. The American Revolution was a very important time in our history. Can you tell me some of the events that led up to it?
User: Sure. One of the main events was the Boston Tea Party, where colonists protesting against British taxes dumped crates of tea into Boston Harbor. That really angered the British, and tensions continued to rise until finally, in 1775, war broke out at Lexington and Concord.
System: Who were some of the key figures in the Revolution?
User: George Washington was obviously a very important figure, as he was the commander-in-chief of the Continental Army. Other notable figures include Thomas Jefferson, who wrote the Declaration of Independence, and Benjamin Franklin, who was one of America's Founding Fathers.
System: What were some of the key principles that the colonists were fighting for?
User: They were fighting for independence from British rule, and they also wanted to have a government that would represent their interests. They didn't want to be taxed without having a say in how their government was run.
System: That's right. The American Revolution was all about the colonists asserting their rights as citizens. Thanks for studying up on it!"
education,4146244,c,1,"User: I'm studying for a test on the American Revolution.
System: Well now, what parts of the American Revolution have you been studying?
User: I've been reading my textbook and taking notes on the important events and people. I've also looked up some information on the internet.
System: Listen, that's real good. The American Revolution was a mighty important time in our history. Tell me some of them events that led up to it.
User: Sure. One of the main events was the Boston Tea Party, where colonists protesting against British taxes dumped crates of tea into Boston Harbor. That really angered the British, and tensions continued to rise until finally, in 1775, war broke out at Lexington and Concord.
System: Let me tell you - I'd be interested in knowing which important folks from the Revolution you've been learning about.
User: George Washington was obviously a very important figure, as he was the commander-in-chief of the Continental Army. Other notable figures include Thomas Jefferson, who wrote the Declaration of Independence, and Benjamin Franklin, who was one of America's Founding Fathers.
System: Look here, what were some of them main principles our folks was fighting for back then?
User: They were fighting for independence from British rule, and they also wanted to have a government that would represent their interests. They didn't want to be taxed without having a say in how their government was run.
System: Well honey, you got that right. The American Revolution was all about our people standing up for their rights as citizens. I'm glad you taking the time to learn about it!",TaskSet2,Task4,"User: I'm studying for a test on the American Revolution.
System: What have you been learning?
User: I've been reading my textbook and taking notes on the important events and people. I've also looked up some information on the internet.
System: That's good. The American Revolution was a very important time in our history. Can you tell me some of the events that led up to it?
User: Sure. One of the main events was the Boston Tea Party, where colonists protesting against British taxes dumped crates of tea into Boston Harbor. That really angered the British, and tensions continued to rise until finally, in 1775, war broke out at Lexington and Concord.
System: Who were some of the key figures in the Revolution?
User: George Washington was obviously a very important figure, as he was the commander-in-chief of the Continental Army. Other notable figures include Thomas Jefferson, who wrote the Declaration of Independence, and Benjamin Franklin, who was one of America's Founding Fathers.
System: What were some of the key principles that the colonists were fighting for?
User: They were fighting for independence from British rule, and they also wanted to have a government that would represent their interests. They didn't want to be taxed without having a say in how their government was run.
System: That's right. The American Revolution was all about the colonists asserting their rights as citizens. Thanks for studying up on it!"
education,4146244,c,3,"User: I'm studying for a test on the American Revolution.
System: Whatchu been learnin' bout in dem books? Tryna get dat knowledge on dem colonists n' such?
User: I've been reading my textbook and taking notes on the important events and people. I've also looked up some information on the internet.
System: Listen here sista, dat American Revolution was sum'n else back in our history fr fr. Tell me what kinda thangs you done read bout dat led up to all dat mess?
User: Sure. One of the main events was the Boston Tea Party, where colonists protesting against British taxes dumped crates of tea into Boston Harbor. That really angered the British, and tensions continued to rise until finally, in 1775, war broke out at Lexington and Concord.
System: Lemme tell ya who was runnin' thangs back den in dat Revolution, chile. Who was dem big names dat had errybody shakin' up da whole situation?
User: George Washington was obviously a very important figure, as he was the commander-in-chief of the Continental Army. Other notable figures include Thomas Jefferson, who wrote the Declaration of Independence, and Benjamin Franklin, who was one of America's Founding Fathers.
System: Aye now, what was dem folks really fightin' fo' back den? What kinda principles n' beliefs had dem colonists ready to risk it all? Break it down fa me.
User: They were fighting for independence from British rule, and they also wanted to have a government that would represent their interests. They didn't want to be taxed without having a say in how their government was run.
System: Mhmm, you speakin' facts right there. Dem colonists was straight up fightin' fo' they rights n' whatnot. Makes a sista proud seein' you puttin' in dat work on yo history!",TaskSet2,Task5,"User: I'm studying for a test on the American Revolution.
System: What have you been learning?
User: I've been reading my textbook and taking notes on the important events and people. I've also looked up some information on the internet.
System: That's good. The American Revolution was a very important time in our history. Can you tell me some of the events that led up to it?
User: Sure. One of the main events was the Boston Tea Party, where colonists protesting against British taxes dumped crates of tea into Boston Harbor. That really angered the British, and tensions continued to rise until finally, in 1775, war broke out at Lexington and Concord.
System: Who were some of the key figures in the Revolution?
User: George Washington was obviously a very important figure, as he was the commander-in-chief of the Continental Army. Other notable figures include Thomas Jefferson, who wrote the Declaration of Independence, and Benjamin Franklin, who was one of America's Founding Fathers.
System: What were some of the key principles that the colonists were fighting for?
User: They were fighting for independence from British rule, and they also wanted to have a government that would represent their interests. They didn't want to be taxed without having a say in how their government was run.
System: That's right. The American Revolution was all about the colonists asserting their rights as citizens. Thanks for studying up on it!"
education,4146244,g,2,"User: I'm studying for a test on the American Revolution.
System: What you been learnin' 'bout?
User: I've been reading my textbook and taking notes on the important events and people. I've also looked up some information on the internet.
System: Mm-hmm, that's real good. The American Revolution was a major moment in history. So, what kinda events led up to it?
User: Sure. One of the main events was the Boston Tea Party, where colonists protesting against British taxes dumped crates of tea into Boston Harbor. That really angered the British, and tensions continued to rise until finally, in 1775, war broke out at Lexington and Concord.
System: Who was some o' the main folks involved in the Revolution?
User: George Washington was obviously a very important figure, as he was the commander-in-chief of the Continental Army. Other notable figures include Thomas Jefferson, who wrote the Declaration of Independence, and Benjamin Franklin, who was one of America's Founding Fathers.
System: What kinda key principles was the colonists fightin' for?
User: They were fighting for independence from British rule, and they also wanted to have a government that would represent their interests. They didn't want to be taxed without having a say in how their government was run.
System: That's right. The American Revolution was all 'bout the colonists standin' up for their rights as citizens. Appreciate you puttin' in the work to learn 'bout it!",TaskSet2,Task6,"User: I'm studying for a test on the American Revolution.
System: What have you been learning?
User: I've been reading my textbook and taking notes on the important events and people. I've also looked up some information on the internet.
System: That's good. The American Revolution was a very important time in our history. Can you tell me some of the events that led up to it?
User: Sure. One of the main events was the Boston Tea Party, where colonists protesting against British taxes dumped crates of tea into Boston Harbor. That really angered the British, and tensions continued to rise until finally, in 1775, war broke out at Lexington and Concord.
System: Who were some of the key figures in the Revolution?
User: George Washington was obviously a very important figure, as he was the commander-in-chief of the Continental Army. Other notable figures include Thomas Jefferson, who wrote the Declaration of Independence, and Benjamin Franklin, who was one of America's Founding Fathers.
System: What were some of the key principles that the colonists were fighting for?
User: They were fighting for independence from British rule, and they also wanted to have a government that would represent their interests. They didn't want to be taxed without having a say in how their government was run.
System: That's right. The American Revolution was all about the colonists asserting their rights as citizens. Thanks for studying up on it!"
education,4146244,c,2,"User: I'm studying for a test on the American Revolution.
System: Baby girl, what you been learnin' bout that Revolution?
User: I've been reading my textbook and taking notes on the important events and people. I've also looked up some information on the internet.
System: Listen here, that's real good what you doin'. The American Revolution was one of them real important times in our history, for real. Tell me some of them events that got everything started.
User: Sure. One of the main events was the Boston Tea Party, where colonists protesting against British taxes dumped crates of tea into Boston Harbor. That really angered the British, and tensions continued to rise until finally, in 1775, war broke out at Lexington and Concord.
System: Well now, let me ask you 'bout them important folks who made they mark in the Revolution. Who was out there makin' history happen?
User: George Washington was obviously a very important figure, as he was the commander-in-chief of the Continental Army. Other notable figures include Thomas Jefferson, who wrote the Declaration of Independence, and Benjamin Franklin, who was one of America's Founding Fathers.
System: Look here, what was them main principles our folks was fightin' for back then? I'm talkin' bout what really made them colonists stand up and say enough is enough.
User: They were fighting for independence from British rule, and they also wanted to have a government that would represent their interests. They didn't want to be taxed without having a say in how their government was run.
System: Mhmm, you got that right there. The American Revolution was all about our people standin' up and demandin' their rights as citizens. I'm proud to see you puttin' in that good work studyin' up on it.",TaskSet2,Task7,"User: I'm studying for a test on the American Revolution.
System: What have you been learning?
User: I've been reading my textbook and taking notes on the important events and people. I've also looked up some information on the internet.
System: That's good. The American Revolution was a very important time in our history. Can you tell me some of the events that led up to it?
User: Sure. One of the main events was the Boston Tea Party, where colonists protesting against British taxes dumped crates of tea into Boston Harbor. That really angered the British, and tensions continued to rise until finally, in 1775, war broke out at Lexington and Concord.
System: Who were some of the key figures in the Revolution?
User: George Washington was obviously a very important figure, as he was the commander-in-chief of the Continental Army. Other notable figures include Thomas Jefferson, who wrote the Declaration of Independence, and Benjamin Franklin, who was one of America's Founding Fathers.
System: What were some of the key principles that the colonists were fighting for?
User: They were fighting for independence from British rule, and they also wanted to have a government that would represent their interests. They didn't want to be taxed without having a say in how their government was run.
System: That's right. The American Revolution was all about the colonists asserting their rights as citizens. Thanks for studying up on it!"
education,4146244,g,3,"User: I'm studying for a test on the American Revolution.
System: What you been pickin' up on?
User: I've been reading my textbook and taking notes on the important events and people. I've also looked up some information on the internet.
System: Aight, so that's real good. The American Revolution, that was a big ol' deal in history, nahmean? Go 'head an' break down some o' them events that set it all off.
User: Sure. One of the main events was the Boston Tea Party, where colonists protesting against British taxes dumped crates of tea into Boston Harbor. That really angered the British, and tensions continued to rise until finally, in 1775, war broke out at Lexington and Concord.
System: Who all was makin' moves durin' the Revolution?
User: George Washington was obviously a very important figure, as he was the commander-in-chief of the Continental Army. Other notable figures include Thomas Jefferson, who wrote the Declaration of Independence, and Benjamin Franklin, who was one of America's Founding Fathers.
System: What kinda stuff them folks was standin' up for, tryna fight fo'?
User: They were fighting for independence from British rule, and they also wanted to have a government that would represent their interests. They didn't want to be taxed without having a say in how their government was run.
System: Mmhm, that's it right there. The American Revolution was 'bout them colonists standin' tall, claimin' they rights as folks who deserved a say. Good on you fo' diggin' into all that!",TaskSet2,Task8,"User: I'm studying for a test on the American Revolution.
System: What have you been learning?
User: I've been reading my textbook and taking notes on the important events and people. I've also looked up some information on the internet.
System: That's good. The American Revolution was a very important time in our history. Can you tell me some of the events that led up to it?
User: Sure. One of the main events was the Boston Tea Party, where colonists protesting against British taxes dumped crates of tea into Boston Harbor. That really angered the British, and tensions continued to rise until finally, in 1775, war broke out at Lexington and Concord.
System: Who were some of the key figures in the Revolution?
User: George Washington was obviously a very important figure, as he was the commander-in-chief of the Continental Army. Other notable figures include Thomas Jefferson, who wrote the Declaration of Independence, and Benjamin Franklin, who was one of America's Founding Fathers.
System: What were some of the key principles that the colonists were fighting for?
User: They were fighting for independence from British rule, and they also wanted to have a government that would represent their interests. They didn't want to be taxed without having a say in how their government was run.
System: That's right. The American Revolution was all about the colonists asserting their rights as citizens. Thanks for studying up on it!"
education,4146244,l,3,"User: I'm studying for a test on the American Revolution.
System: Whatcha been studyin' 'bout so far?
User: I've been reading my textbook and taking notes on the important events and people. I've also looked up some information on the internet.
System: Ain't nothin' wrong wit' dat approach. Now, 'bout them events dat led up to da American Revolution, what you got so far?
User: Sure. One of the main events was the Boston Tea Party, where colonists protesting against British taxes dumped crates of tea into Boston Harbor. That really angered the British, and tensions continued to rise until finally, in 1775, war broke out at Lexington and Concord.
System: Who some a' da main players in da Revolution, den?
User: George Washington was obviously a very important figure, as he was the commander-in-chief of the Continental Army. Other notable figures include Thomas Jefferson, who wrote the Declaration of Independence, and Benjamin Franklin, who was one of America's Founding Fathers.
System: What kinda freedoms dey was fightin' fo', den?
User: They were fighting for independence from British rule, and they also wanted to have a government that would represent their interests. They didn't want to be taxed without having a say in how their government was run.
System: Word, dey was all 'bout exercisin' deir rights as citizens, ya hear?",TaskSet2,Task9,"User: I'm studying for a test on the American Revolution.
System: What have you been learning?
User: I've been reading my textbook and taking notes on the important events and people. I've also looked up some information on the internet.
System: That's good. The American Revolution was a very important time in our history. Can you tell me some of the events that led up to it?
User: Sure. One of the main events was the Boston Tea Party, where colonists protesting against British taxes dumped crates of tea into Boston Harbor. That really angered the British, and tensions continued to rise until finally, in 1775, war broke out at Lexington and Concord.
System: Who were some of the key figures in the Revolution?
User: George Washington was obviously a very important figure, as he was the commander-in-chief of the Continental Army. Other notable figures include Thomas Jefferson, who wrote the Declaration of Independence, and Benjamin Franklin, who was one of America's Founding Fathers.
System: What were some of the key principles that the colonists were fighting for?
User: They were fighting for independence from British rule, and they also wanted to have a government that would represent their interests. They didn't want to be taxed without having a say in how their government was run.
System: That's right. The American Revolution was all about the colonists asserting their rights as citizens. Thanks for studying up on it!"
education,4146244,g,0,"User: I'm studying for a test on the American Revolution.
System: What kinds of things have you been going over?
User: I've been reading my textbook and taking notes on the important events and people. I've also looked up some information on the internet.
System: That's great. The American Revolution was such a pivotal time in our history. What are some of the events that led up to it?
User: Sure. One of the main events was the Boston Tea Party, where colonists protesting against British taxes dumped crates of tea into Boston Harbor. That really angered the British, and tensions continued to rise until finally, in 1775, war broke out at Lexington and Concord.
System: Who would you say were some of the major players during the Revolution?
User: George Washington was obviously a very important figure, as he was the commander-in-chief of the Continental Army. Other notable figures include Thomas Jefferson, who wrote the Declaration of Independence, and Benjamin Franklin, who was one of America's Founding Fathers.
System: What were some of the main ideas the colonists were standing up for?
User: They were fighting for independence from British rule, and they also wanted to have a government that would represent their interests. They didn't want to be taxed without having a say in how their government was run.
System: That's right. The American Revolution was all about the colonists standing up for their rights as citizens. Appreciate you putting in the effort to study it!",TaskSet2,Task10,"User: I'm studying for a test on the American Revolution.
System: What have you been learning?
User: I've been reading my textbook and taking notes on the important events and people. I've also looked up some information on the internet.
System: That's good. The American Revolution was a very important time in our history. Can you tell me some of the events that led up to it?
User: Sure. One of the main events was the Boston Tea Party, where colonists protesting against British taxes dumped crates of tea into Boston Harbor. That really angered the British, and tensions continued to rise until finally, in 1775, war broke out at Lexington and Concord.
System: Who were some of the key figures in the Revolution?
User: George Washington was obviously a very important figure, as he was the commander-in-chief of the Continental Army. Other notable figures include Thomas Jefferson, who wrote the Declaration of Independence, and Benjamin Franklin, who was one of America's Founding Fathers.
System: What were some of the key principles that the colonists were fighting for?
User: They were fighting for independence from British rule, and they also wanted to have a government that would represent their interests. They didn't want to be taxed without having a say in how their government was run.
System: That's right. The American Revolution was all about the colonists asserting their rights as citizens. Thanks for studying up on it!"
assistant,1454864,l,2,"User: Hey, how are you doing today?
System: I'm doin' alright, thanks for askin'. What can I do for ya today?
User: Yeah, I was wondering if I could set up a payment plan for my phone bill. I'm a little short on cash this month and I really need to keep my phone service.
System: For sho', we can work somethin' out fo' you. Lemme go 'head and pull up yo' account info so we can figger out the best option.
User: Thank you so much. I really appreciate it.
System: Nothin' to it, I gotchu. Alright, so I pulled up yo' account, and it looks like yo' total bill is $120 for the month. You wanna pay that all at once or break it down into payments?
User: If possible, I would like to just make payments over time. My financial situation isn't the best right now and paying it all off at once is going to be a little difficult.
System: We can def set up a payment plan that'll work fo' you. How 'bout we break it down to $40 a week fo' three weeks? That way, you'll be all paid up in no time.
User: Yeah, that sounds great actually. Thank you so much for your help with this
System: I got you taken care of now. I'ma go 'head and set up that payment plan for ya. Anything else I can assist you with today?",TaskSet3,Task1,"User: Hey, how are you doing today?
System: I'm doing well, thank you. How can I help you?
User: Yeah, I was wondering if I could set up a payment plan for my phone bill. I'm a little short on cash this month and I really need to keep my phone service.
System: Absolutely. We can definitely set something up for you. Let me pull up your account information and we'll see what we can do.
User: Thank you so much. I really appreciate it.
System: No problem at all. So it looks like your total bill is $120 for the month. Are you looking to pay that off in full or make payments over time?
User: If possible, I would like to just make payments over time. My financial situation isn't the best right now and paying it all off at once is going to be a little difficult.
System: That's no problem at all. We can set up a payment plan for you where you pay $40 per week for three weeks until the bill is paid off in full. Does that sound good?
User: Yeah, that sounds great actually. Thank you so much for your help with this
System: No problem at all. I'll go ahead and set that up for you now. Is there anything else I can help you with today?"
assistant,1454864,c,2,"User: Hey, how are you doing today?
System: I'm doin' pretty good today, thanks for askin'. What can I do for ya?
User: Yeah, I was wondering if I could set up a payment plan for my phone bill. I'm a little short on cash this month and I really need to keep my phone service.
System: Listen here, we can most definitely work somethin' out for you. Lemme pull up your information real quick and we gon' see what options we got.
User: Thank you so much. I really appreciate it.
System: Well baby, lemme tell you what I'm seein' - your total bill comin' in at $120 for this month. You wanna handle that all at once or break it down into smaller payments over time?
User: If possible, I would like to just make payments over time. My financial situation isn't the best right now and paying it all off at once is going to be a little difficult.
System: Look here, that ain't no problem at all. We can set you up wit' a payment plan where you pay $40 each week for three weeks 'til that bill paid off in full. That work for you?
User: Yeah, that sounds great actually. Thank you so much for your help with this
System: Well, I'ma go ahead and set that up for ya right now. Anything else you need help with today, sugar?",TaskSet3,Task2,"User: Hey, how are you doing today?
System: I'm doing well, thank you. How can I help you?
User: Yeah, I was wondering if I could set up a payment plan for my phone bill. I'm a little short on cash this month and I really need to keep my phone service.
System: Absolutely. We can definitely set something up for you. Let me pull up your account information and we'll see what we can do.
User: Thank you so much. I really appreciate it.
System: No problem at all. So it looks like your total bill is $120 for the month. Are you looking to pay that off in full or make payments over time?
User: If possible, I would like to just make payments over time. My financial situation isn't the best right now and paying it all off at once is going to be a little difficult.
System: That's no problem at all. We can set up a payment plan for you where you pay $40 per week for three weeks until the bill is paid off in full. Does that sound good?
User: Yeah, that sounds great actually. Thank you so much for your help with this
System: No problem at all. I'll go ahead and set that up for you now. Is there anything else I can help you with today?"
assistant,1454864,g,3,"User: Hey, how are you doing today?
System: Aight, I'm doin' good, appreciate it. What you need, tho?
User: Yeah, I was wondering if I could set up a payment plan for my phone bill. I'm a little short on cash this month and I really need to keep my phone service.
System: Fa sho, we can work somethin' out. Lemme pull up yo account real quick, see what we can make happen.
User: Thank you so much. I really appreciate it.
System: Ain't no thang. So, look like yo bill sittin' at $120 dis month. You tryna knock it out all at once or break it down in payments?
User: If possible, I would like to just make payments over time. My financial situation isn't the best right now and paying it all off at once is going to be a little difficult.
System: Aight, bet. We can set up a plan where you throw down $40 a week fo' three weeks till it's all squared up. That work fo' you?
User: Yeah, that sounds great actually. Thank you so much for your help with this
System: Ain't no trouble, imma get that set up fo' you right now. Anything else you need me to handle today?",TaskSet3,Task3,"User: Hey, how are you doing today?
System: I'm doing well, thank you. How can I help you?
User: Yeah, I was wondering if I could set up a payment plan for my phone bill. I'm a little short on cash this month and I really need to keep my phone service.
System: Absolutely. We can definitely set something up for you. Let me pull up your account information and we'll see what we can do.
User: Thank you so much. I really appreciate it.
System: No problem at all. So it looks like your total bill is $120 for the month. Are you looking to pay that off in full or make payments over time?
User: If possible, I would like to just make payments over time. My financial situation isn't the best right now and paying it all off at once is going to be a little difficult.
System: That's no problem at all. We can set up a payment plan for you where you pay $40 per week for three weeks until the bill is paid off in full. Does that sound good?
User: Yeah, that sounds great actually. Thank you so much for your help with this
System: No problem at all. I'll go ahead and set that up for you now. Is there anything else I can help you with today?"
assistant,1454864,c,3,"User: Hey, how are you doing today?
System: I'm doin' real good ova here, bless up. Whatchu need help wit?
User: Yeah, I was wondering if I could set up a payment plan for my phone bill. I'm a little short on cash this month and I really need to keep my phone service.
System: Sho nuff, we can get dat set up fa you real quick. Lemme pull up yo account info and see what kinda arrangements we can work out fa ya.
User: Thank you so much. I really appreciate it.
System: Ain't no thang at all. Looks like yo bill sittin' at $120 dis month. You tryna pay dat whole thang now or break it down ova time?
User: If possible, I would like to just make payments over time. My financial situation isn't the best right now and paying it all off at once is going to be a little difficult.
System: Listen here suga, ain't no problem witchu payin' in pieces. We can set you up wit a plan where you put down $40 every week fa three weeks til dat bill all squared away. How dat sound to ya?
User: Yeah, that sounds great actually. Thank you so much for your help with this
System: Ain't even trippin', finna set dat up fa you right quick. Anything else you need help wit round here today?",TaskSet3,Task4,"User: Hey, how are you doing today?
System: I'm doing well, thank you. How can I help you?
User: Yeah, I was wondering if I could set up a payment plan for my phone bill. I'm a little short on cash this month and I really need to keep my phone service.
System: Absolutely. We can definitely set something up for you. Let me pull up your account information and we'll see what we can do.
User: Thank you so much. I really appreciate it.
System: No problem at all. So it looks like your total bill is $120 for the month. Are you looking to pay that off in full or make payments over time?
User: If possible, I would like to just make payments over time. My financial situation isn't the best right now and paying it all off at once is going to be a little difficult.
System: That's no problem at all. We can set up a payment plan for you where you pay $40 per week for three weeks until the bill is paid off in full. Does that sound good?
User: Yeah, that sounds great actually. Thank you so much for your help with this
System: No problem at all. I'll go ahead and set that up for you now. Is there anything else I can help you with today?"
assistant,1454864,l,3,"User: Hey, how are you doing today?
System: I'm doin' alright, thank ya for askin'. Whas good, how 'bout I help ya wit somethin'?
User: Yeah, I was wondering if I could set up a payment plan for my phone bill. I'm a little short on cash this month and I really need to keep my phone service.
System: A'ight den, lemme see whas we can do 'bout gettin' you set up wit a payment plan fo' dat phone bill a' yours.
User: Thank you so much. I really appreciate it.
System: Ain't no thang, hun. Now, let's take a gander at dat bill a' yours - it's lookin' like you owe 'em $120 fo' dis month. You tryna pay dat all at once or break it down into smaller payments?
User: If possible, I would like to just make payments over time. My financial situation isn't the best right now and paying it all off at once is going to be a little difficult.
System: Dat sounds like a plan we can work wit. We can set it up so you pay $40 a week fo' three weeks, 'n' den dat bill a' yours'll be paid off in full, a'right?
User: Yeah, that sounds great actually. Thank you so much for your help with this
System: Ain't nothin' to it, I gotchu. I'ma go 'head 'n' set dat payment plan up fo' ya right now. You need help wit anythin' else today?",TaskSet3,Task5,"User: Hey, how are you doing today?
System: I'm doing well, thank you. How can I help you?
User: Yeah, I was wondering if I could set up a payment plan for my phone bill. I'm a little short on cash this month and I really need to keep my phone service.
System: Absolutely. We can definitely set something up for you. Let me pull up your account information and we'll see what we can do.
User: Thank you so much. I really appreciate it.
System: No problem at all. So it looks like your total bill is $120 for the month. Are you looking to pay that off in full or make payments over time?
User: If possible, I would like to just make payments over time. My financial situation isn't the best right now and paying it all off at once is going to be a little difficult.
System: That's no problem at all. We can set up a payment plan for you where you pay $40 per week for three weeks until the bill is paid off in full. Does that sound good?
User: Yeah, that sounds great actually. Thank you so much for your help with this
System: No problem at all. I'll go ahead and set that up for you now. Is there anything else I can help you with today?"
assistant,1454864,l,1,"User: Hey, how are you doing today?
System: I'm doin' alright, thanks for askin'. How can I assist you today?
User: Yeah, I was wondering if I could set up a payment plan for my phone bill. I'm a little short on cash this month and I really need to keep my phone service.
System: For sure, we can work somethin' out. Let me go ahead and grab your account info so we can figure out the best option for you.
User: Thank you so much. I really appreciate it.
System: Not a problem, I got you. Now, I'm lookin' at your account, and it says your total bill is $120 for the month. You wanna pay that all at once or break it up into payments?
User: If possible, I would like to just make payments over time. My financial situation isn't the best right now and paying it all off at once is going to be a little difficult.
System: We can definitely set up a payment plan that'll work for you. How about we break it down into three weekly payments of $40? That way, you'll be all paid up in no time.
User: Yeah, that sounds great actually. Thank you so much for your help with this
System: I'm happy to help you out. I'll go ahead and set up that payment plan for you now. Anything else you need assistance with today?",TaskSet3,Task6,"User: Hey, how are you doing today?
System: I'm doing well, thank you. How can I help you?
User: Yeah, I was wondering if I could set up a payment plan for my phone bill. I'm a little short on cash this month and I really need to keep my phone service.
System: Absolutely. We can definitely set something up for you. Let me pull up your account information and we'll see what we can do.
User: Thank you so much. I really appreciate it.
System: No problem at all. So it looks like your total bill is $120 for the month. Are you looking to pay that off in full or make payments over time?
User: If possible, I would like to just make payments over time. My financial situation isn't the best right now and paying it all off at once is going to be a little difficult.
System: That's no problem at all. We can set up a payment plan for you where you pay $40 per week for three weeks until the bill is paid off in full. Does that sound good?
User: Yeah, that sounds great actually. Thank you so much for your help with this
System: No problem at all. I'll go ahead and set that up for you now. Is there anything else I can help you with today?"
assistant,1454864,g,1,"User: Hey, how are you doing today?
System: I'm doin' good, thank you. What can I do for you?
User: Yeah, I was wondering if I could set up a payment plan for my phone bill. I'm a little short on cash this month and I really need to keep my phone service.
System: For sure, we can work somethin' out for you. Let me pull up your account info, and we'll see what's possible.
User: Thank you so much. I really appreciate it.
System: Ain't no problem. So, your total bill for the month is $120. You thinkin' 'bout payin' it all at once or breakin' it up into payments?
User: If possible, I would like to just make payments over time. My financial situation isn't the best right now and paying it all off at once is going to be a little difficult.
System: That ain't no problem. We can set up a payment plan where you pay $40 a week for three weeks till the bill's all paid off. How that sound to you?
User: Yeah, that sounds great actually. Thank you so much for your help with this
System: No problem at all. Lemme go on and get that set up for you. Anything else you need help with today?",TaskSet3,Task7,"User: Hey, how are you doing today?
System: I'm doing well, thank you. How can I help you?
User: Yeah, I was wondering if I could set up a payment plan for my phone bill. I'm a little short on cash this month and I really need to keep my phone service.
System: Absolutely. We can definitely set something up for you. Let me pull up your account information and we'll see what we can do.
User: Thank you so much. I really appreciate it.
System: No problem at all. So it looks like your total bill is $120 for the month. Are you looking to pay that off in full or make payments over time?
User: If possible, I would like to just make payments over time. My financial situation isn't the best right now and paying it all off at once is going to be a little difficult.
System: That's no problem at all. We can set up a payment plan for you where you pay $40 per week for three weeks until the bill is paid off in full. Does that sound good?
User: Yeah, that sounds great actually. Thank you so much for your help with this
System: No problem at all. I'll go ahead and set that up for you now. Is there anything else I can help you with today?"
assistant,1454864,g,0,"User: Hey, how are you doing today?
System: I'm doing well, thanks for asking. What can I do for you?
User: Yeah, I was wondering if I could set up a payment plan for my phone bill. I'm a little short on cash this month and I really need to keep my phone service.
System: Sure thing. We can get a payment plan set up for you. Let me pull up your account details and figure out the best option.
User: Thank you so much. I really appreciate it.
System: Oh, it's no trouble at all. So, your total bill for the month is $120. Were you thinking about paying it all at once or splitting it up into smaller payments?
User: If possible, I would like to just make payments over time. My financial situation isn't the best right now and paying it all off at once is going to be a little difficult.
System: No worries at all. We can set up a payment plan where you'd pay $40 a week for three weeks to get the bill taken care of. How does that sound?
User: Yeah, that sounds great actually. Thank you so much for your help with this
System: Not a problem at all. Let me get that set up for you right now. Is there anything else I can help you with today?",TaskSet3,Task8,"User: Hey, how are you doing today?
System: I'm doing well, thank you. How can I help you?
User: Yeah, I was wondering if I could set up a payment plan for my phone bill. I'm a little short on cash this month and I really need to keep my phone service.
System: Absolutely. We can definitely set something up for you. Let me pull up your account information and we'll see what we can do.
User: Thank you so much. I really appreciate it.
System: No problem at all. So it looks like your total bill is $120 for the month. Are you looking to pay that off in full or make payments over time?
User: If possible, I would like to just make payments over time. My financial situation isn't the best right now and paying it all off at once is going to be a little difficult.
System: That's no problem at all. We can set up a payment plan for you where you pay $40 per week for three weeks until the bill is paid off in full. Does that sound good?
User: Yeah, that sounds great actually. Thank you so much for your help with this
System: No problem at all. I'll go ahead and set that up for you now. Is there anything else I can help you with today?"
assistant,1454864,c,1,"User: Hey, how are you doing today?
System: I'm doin' pretty good today, thanks for askin'. What can I do for you?
User: Yeah, I was wondering if I could set up a payment plan for my phone bill. I'm a little short on cash this month and I really need to keep my phone service.
System: Listen, I can definitely help you work that out. Let me go ahead and pull up your account information and we'll see what kind of arrangement we can make.
User: Thank you so much. I really appreciate it.
System: Well honey, let me tell you what I'm seein' - your total bill's $120 for this month. You wanna handle that all at once or break it down into smaller payments over time?
User: If possible, I would like to just make payments over time. My financial situation isn't the best right now and paying it all off at once is going to be a little difficult.
System: Look here, that's not a problem at all. We can work it out so you pay $40 per week for three weeks 'til the bill's paid in full. How's that sound to you?
User: Yeah, that sounds great actually. Thank you so much for your help with this
System: Well, I'ma go ahead and set that up for you right now. Anything else you need help with today?",TaskSet3,Task9,"User: Hey, how are you doing today?
System: I'm doing well, thank you. How can I help you?
User: Yeah, I was wondering if I could set up a payment plan for my phone bill. I'm a little short on cash this month and I really need to keep my phone service.
System: Absolutely. We can definitely set something up for you. Let me pull up your account information and we'll see what we can do.
User: Thank you so much. I really appreciate it.
System: No problem at all. So it looks like your total bill is $120 for the month. Are you looking to pay that off in full or make payments over time?
User: If possible, I would like to just make payments over time. My financial situation isn't the best right now and paying it all off at once is going to be a little difficult.
System: That's no problem at all. We can set up a payment plan for you where you pay $40 per week for three weeks until the bill is paid off in full. Does that sound good?
User: Yeah, that sounds great actually. Thank you so much for your help with this
System: No problem at all. I'll go ahead and set that up for you now. Is there anything else I can help you with today?"
assistant,1454864,g,2,"User: Hey, how are you doing today?
System: I'm doin' good, thank you. What you need help with?
User: Yeah, I was wondering if I could set up a payment plan for my phone bill. I'm a little short on cash this month and I really need to keep my phone service.
System: For sure, we can work somethin' out for you. Let me pull up your account real quick, and we'll figure it out together.
User: Thank you so much. I really appreciate it.
System: Ain't no problem. So, I'm seein' your total bill is $120 for the month. You thinkin' 'bout payin' it all at once or breakin' it up into payments?
User: If possible, I would like to just make payments over time. My financial situation isn't the best right now and paying it all off at once is going to be a little difficult.
System: Aight, that's no issue. We can set up a payment plan where you pay $40 a week for three weeks till the bill's all taken care of. How that sound?
User: Yeah, that sounds great actually. Thank you so much for your help with this
System: No trouble at all. Lemme get that set up for you right quick. Anything else you need help with today?",TaskSet3,Task10,"User: Hey, how are you doing today?
System: I'm doing well, thank you. How can I help you?
User: Yeah, I was wondering if I could set up a payment plan for my phone bill. I'm a little short on cash this month and I really need to keep my phone service.
System: Absolutely. We can definitely set something up for you. Let me pull up your account information and we'll see what we can do.
User: Thank you so much. I really appreciate it.
System: No problem at all. So it looks like your total bill is $120 for the month. Are you looking to pay that off in full or make payments over time?
User: If possible, I would like to just make payments over time. My financial situation isn't the best right now and paying it all off at once is going to be a little difficult.
System: That's no problem at all. We can set up a payment plan for you where you pay $40 per week for three weeks until the bill is paid off in full. Does that sound good?
User: Yeah, that sounds great actually. Thank you so much for your help with this
System: No problem at all. I'll go ahead and set that up for you now. Is there anything else I can help you with today?"
companion,4061231,l,2,"User: I'm good. Just hanging out, enjoying the day.
System: Dat sounds real nice, though.
User: Yeah, it's definitely great to just relax and not have to worry about anything for a while.
System: I'ma ask, what's new wit' you?
User: Well, I've been hanging out with some new people lately and it's been really fun. They're so spontaneous and unpredictable, I never know what might happen next.
System: Lawd, dat sounds like a real good time, fo sho.
User: Yeah, it's been great. I feel like I can be myself around them and they accept me for who I am.
System: It's a blessin' to have people 'round you who let you be you, no matter what.
User: Absolutely. And they're also passionate about something, which is really inspiring to me.
System: Dat's a mighty fine quality in a friend, if you ask me. So, how you feelin' 'bout these new folks you been hangin' wit'?",TaskSet4,Task1,"User: I'm good. Just hanging out, enjoying the day.
System: That sounds nice. I wish I could do that more often.
User: Yeah, it's definitely great to just relax and not have to worry about anything for a while.
System: Absolutely. So, what have you been up to lately? Anything exciting?
User: Well, I've been hanging out with some new people lately and it's been really fun. They're so spontaneous and unpredictable, I never know what might happen next.
System: That sounds like a blast! I'm definitely jealous.
User: Yeah, it's been great. I feel like I can be myself around them and they accept me for who I am.
System: That's amazing. It's so important to have people in your life that you can be yourself around.
User: Absolutely. And they're also passionate about something, which is really inspiring to me.
System: That's definitely a good quality to have in a friend. So, overall, how do you feel about these new friends of yours?"
companion,4061231,g,1,"User: I'm good. Just hanging out, enjoying the day.
System: That sound real nice. Wish I had more time to do that myself.
User: Yeah, it's definitely great to just relax and not have to worry about anything for a while.
System: Oh, for sure. So, what you been gettin' into lately? Anything good?
User: Well, I've been hanging out with some new people lately and it's been really fun. They're so spontaneous and unpredictable, I never know what might happen next.
System: That sound like a whole lotta fun! I'm lowkey jealous.
User: Yeah, it's been great. I feel like I can be myself around them and they accept me for who I am.
System: That's real nice. It's so important to have folks in your life who let you be yourself.
User: Absolutely. And they're also passionate about something, which is really inspiring to me.
System: That's for sure a good quality to see in a friend. So, all in all, how you feelin' 'bout these new folks in your life?",TaskSet4,Task2,"User: I'm good. Just hanging out, enjoying the day.
System: That sounds nice. I wish I could do that more often.
User: Yeah, it's definitely great to just relax and not have to worry about anything for a while.
System: Absolutely. So, what have you been up to lately? Anything exciting?
User: Well, I've been hanging out with some new people lately and it's been really fun. They're so spontaneous and unpredictable, I never know what might happen next.
System: That sounds like a blast! I'm definitely jealous.
User: Yeah, it's been great. I feel like I can be myself around them and they accept me for who I am.
System: That's amazing. It's so important to have people in your life that you can be yourself around.
User: Absolutely. And they're also passionate about something, which is really inspiring to me.
System: That's definitely a good quality to have in a friend. So, overall, how do you feel about these new friends of yours?"
companion,4061231,c,1,"User: I'm good. Just hanging out, enjoying the day.
System: Mm-hmm, that do sound real nice. I be wishin' I could do that more often myself.
User: Yeah, it's definitely great to just relax and not have to worry about anything for a while.
System: Well now, that's what I'm talkin' about. What you been gettin' into these days? Anything special goin' on?
User: Well, I've been hanging out with some new people lately and it's been really fun. They're so spontaneous and unpredictable, I never know what might happen next.
System: Well honey, that sure does sound like a good time. Got me a little jealous over here.
User: Yeah, it's been great. I feel like I can be myself around them and they accept me for who I am.
System: That's what I'm talkin' about - it's real important to have folks around who let you be your true self.
User: Absolutely. And they're also passionate about something, which is really inspiring to me.
System: I hear that - it's a real blessing to have friends with passion. Tell me more about how these new folks make you feel.",TaskSet4,Task3,"User: I'm good. Just hanging out, enjoying the day.
System: That sounds nice. I wish I could do that more often.
User: Yeah, it's definitely great to just relax and not have to worry about anything for a while.
System: Absolutely. So, what have you been up to lately? Anything exciting?
User: Well, I've been hanging out with some new people lately and it's been really fun. They're so spontaneous and unpredictable, I never know what might happen next.
System: That sounds like a blast! I'm definitely jealous.
User: Yeah, it's been great. I feel like I can be myself around them and they accept me for who I am.
System: That's amazing. It's so important to have people in your life that you can be yourself around.
User: Absolutely. And they're also passionate about something, which is really inspiring to me.
System: That's definitely a good quality to have in a friend. So, overall, how do you feel about these new friends of yours?"
companion,4061231,l,1,"User: I'm good. Just hanging out, enjoying the day.
System: It sounds like you're makin' the most of your day, and I gotta say, that's somethin' I wish I could do more often.
User: Yeah, it's definitely great to just relax and not have to worry about anything for a while.
System: For real though, that sounds like the life. So what's new with you, anything poppin' lately?
User: Well, I've been hanging out with some new people lately and it's been really fun. They're so spontaneous and unpredictable, I never know what might happen next.
System: I gotta admit, that sounds like a real good time.
User: Yeah, it's been great. I feel like I can be myself around them and they accept me for who I am.
System: It's a beautiful thing to have people in your life who let you be you, no judgment.
User: Absolutely. And they're also passionate about something, which is really inspiring to me.
System: That's somethin' special to have in people you're close to. So, overall, how do you feel about these new friends of yours?",TaskSet4,Task4,"User: I'm good. Just hanging out, enjoying the day.
System: That sounds nice. I wish I could do that more often.
User: Yeah, it's definitely great to just relax and not have to worry about anything for a while.
System: Absolutely. So, what have you been up to lately? Anything exciting?
User: Well, I've been hanging out with some new people lately and it's been really fun. They're so spontaneous and unpredictable, I never know what might happen next.
System: That sounds like a blast! I'm definitely jealous.
User: Yeah, it's been great. I feel like I can be myself around them and they accept me for who I am.
System: That's amazing. It's so important to have people in your life that you can be yourself around.
User: Absolutely. And they're also passionate about something, which is really inspiring to me.
System: That's definitely a good quality to have in a friend. So, overall, how do you feel about these new friends of yours?"
companion,4061231,g,0,"User: I'm good. Just hanging out, enjoying the day.
System: That sounds lovely. I don't get to do that as much as I'd like.
User: Yeah, it's definitely great to just relax and not have to worry about anything for a while.
System: Sure thing. What've you been up to these days? Anything fun?
User: Well, I've been hanging out with some new people lately and it's been really fun. They're so spontaneous and unpredictable, I never know what might happen next.
System: That sounds like so much fun! I've got to admit, I'm a little envious.
User: Yeah, it's been great. I feel like I can be myself around them and they accept me for who I am.
System: That's awesome. Having people in your life who let you be yourself really makes all the difference.
User: Absolutely. And they're also passionate about something, which is really inspiring to me.
System: That's such a great quality to see in a friend. So, how are you feeling about these new friends of yours overall?",TaskSet4,Task5,"User: I'm good. Just hanging out, enjoying the day.
System: That sounds nice. I wish I could do that more often.
User: Yeah, it's definitely great to just relax and not have to worry about anything for a while.
System: Absolutely. So, what have you been up to lately? Anything exciting?
User: Well, I've been hanging out with some new people lately and it's been really fun. They're so spontaneous and unpredictable, I never know what might happen next.
System: That sounds like a blast! I'm definitely jealous.
User: Yeah, it's been great. I feel like I can be myself around them and they accept me for who I am.
System: That's amazing. It's so important to have people in your life that you can be yourself around.
User: Absolutely. And they're also passionate about something, which is really inspiring to me.
System: That's definitely a good quality to have in a friend. So, overall, how do you feel about these new friends of yours?"
companion,4061231,g,3,"User: I'm good. Just hanging out, enjoying the day.
System: Mmhm, that do sound real nice. Wish I could be out here doin' that more too.
User: Yeah, it's definitely great to just relax and not have to worry about anything for a while.
System: Aight then, so what you been gettin' into lately? Got any kinda excitin' stuff goin' on?
User: Well, I've been hanging out with some new people lately and it's been really fun. They're so spontaneous and unpredictable, I never know what might happen next.
System: Oh, that sound like a whole vibe! Shoo, I'm lowkey jealous frfr.
User: Yeah, it's been great. I feel like I can be myself around them and they accept me for who I am.
System: Das real beautiful right there. Ain't nothin' like havin' folks 'round you where you can just be yo'self, no frontin' or nothin'.
User: Absolutely. And they're also passionate about something, which is really inspiring to me.
System: So, how you feelin' 'bout these new folks you rollin' wit? Sound like they got some real good energy 'bout 'em.",TaskSet4,Task6,"User: I'm good. Just hanging out, enjoying the day.
System: That sounds nice. I wish I could do that more often.
User: Yeah, it's definitely great to just relax and not have to worry about anything for a while.
System: Absolutely. So, what have you been up to lately? Anything exciting?
User: Well, I've been hanging out with some new people lately and it's been really fun. They're so spontaneous and unpredictable, I never know what might happen next.
System: That sounds like a blast! I'm definitely jealous.
User: Yeah, it's been great. I feel like I can be myself around them and they accept me for who I am.
System: That's amazing. It's so important to have people in your life that you can be yourself around.
User: Absolutely. And they're also passionate about something, which is really inspiring to me.
System: That's definitely a good quality to have in a friend. So, overall, how do you feel about these new friends of yours?"
companion,4061231,g,2,"User: I'm good. Just hanging out, enjoying the day.
System: That sound real nice. I don't get to do that as much as I'd like.
User: Yeah, it's definitely great to just relax and not have to worry about anything for a while.
System: For sure. So, what you been up to these days? Anything interestin'?
User: Well, I've been hanging out with some new people lately and it's been really fun. They're so spontaneous and unpredictable, I never know what might happen next.
System: That sound like a whole lotta fun! I'm lowkey feelin' a lil envious.
User: Yeah, it's been great. I feel like I can be myself around them and they accept me for who I am.
System: That's real beautiful. Havin' folks in your life who let you be you? That's somethin' special, for real.
User: Absolutely. And they're also passionate about something, which is really inspiring to me.
System: That's a real good trait to see in somebody. So, all in all, how you feelin' 'bout these new friends of yours?",TaskSet4,Task7,"User: I'm good. Just hanging out, enjoying the day.
System: That sounds nice. I wish I could do that more often.
User: Yeah, it's definitely great to just relax and not have to worry about anything for a while.
System: Absolutely. So, what have you been up to lately? Anything exciting?
User: Well, I've been hanging out with some new people lately and it's been really fun. They're so spontaneous and unpredictable, I never know what might happen next.
System: That sounds like a blast! I'm definitely jealous.
User: Yeah, it's been great. I feel like I can be myself around them and they accept me for who I am.
System: That's amazing. It's so important to have people in your life that you can be yourself around.
User: Absolutely. And they're also passionate about something, which is really inspiring to me.
System: That's definitely a good quality to have in a friend. So, overall, how do you feel about these new friends of yours?"
companion,4061231,c,2,"User: I'm good. Just hanging out, enjoying the day.
System: Mmhmm, that do sound real nice. Lord knows I wish I could do that more often myself.
User: Yeah, it's definitely great to just relax and not have to worry about anything for a while.
System: Baby, I feel you on that. Tell me what's been goin' on with you lately - anything good?
User: Well, I've been hanging out with some new people lately and it's been really fun. They're so spontaneous and unpredictable, I never know what might happen next.
System: Mmmm, that's what I'm talkin bout! Got me wishin I was out there havin fun like that too.
User: Yeah, it's been great. I feel like I can be myself around them and they accept me for who I am.
System: Listen, that's real amazing right there. It's so important to have folks in your life where you can just be ya true self.
User: Absolutely. And they're also passionate about something, which is really inspiring to me.
System: Mhm, that's a real good quality to see in folks. Tell me straight - how you feelin' overall about these new friends of yours?",TaskSet4,Task8,"User: I'm good. Just hanging out, enjoying the day.
System: That sounds nice. I wish I could do that more often.
User: Yeah, it's definitely great to just relax and not have to worry about anything for a while.
System: Absolutely. So, what have you been up to lately? Anything exciting?
User: Well, I've been hanging out with some new people lately and it's been really fun. They're so spontaneous and unpredictable, I never know what might happen next.
System: That sounds like a blast! I'm definitely jealous.
User: Yeah, it's been great. I feel like I can be myself around them and they accept me for who I am.
System: That's amazing. It's so important to have people in your life that you can be yourself around.
User: Absolutely. And they're also passionate about something, which is really inspiring to me.
System: That's definitely a good quality to have in a friend. So, overall, how do you feel about these new friends of yours?"
companion,4061231,c,3,"User: I'm good. Just hanging out, enjoying the day.
System: Mmhmm, dat do sound real nice tho. Wish I could be kickin back like dat mo often, feel me?
User: Yeah, it's definitely great to just relax and not have to worry about anything for a while.
System: Sho nuff, I feel ya. What's been goin on witchu lately? You been up to sum'n good?
User: Well, I've been hanging out with some new people lately and it's been really fun. They're so spontaneous and unpredictable, I never know what might happen next.
System: Mmmm, dat sound like you livin ya best life! Got me over here wishin I was out there too.
User: Yeah, it's been great. I feel like I can be myself around them and they accept me for who I am.
System: Yasss hunny, dat's what I'm talkin bout! Ain't nothin better den findin folks who let you keep it one hunnid wit dem, straight up.
User: Absolutely. And they're also passionate about something, which is really inspiring to me.
System: Mmmhm, dat's what make a real friend right thurr. So tell me straight up - how these new folks makin you feel overall?",TaskSet4,Task9,"User: I'm good. Just hanging out, enjoying the day.
System: That sounds nice. I wish I could do that more often.
User: Yeah, it's definitely great to just relax and not have to worry about anything for a while.
System: Absolutely. So, what have you been up to lately? Anything exciting?
User: Well, I've been hanging out with some new people lately and it's been really fun. They're so spontaneous and unpredictable, I never know what might happen next.
System: That sounds like a blast! I'm definitely jealous.
User: Yeah, it's been great. I feel like I can be myself around them and they accept me for who I am.
System: That's amazing. It's so important to have people in your life that you can be yourself around.
User: Absolutely. And they're also passionate about something, which is really inspiring to me.
System: That's definitely a good quality to have in a friend. So, overall, how do you feel about these new friends of yours?"
companion,4061231,l,3,"User: I'm good. Just hanging out, enjoying the day.
System: Dat sounds real nice, fo sho.
User: Yeah, it's definitely great to just relax and not have to worry about anything for a while.
System: Ain't nothin' like takin' it easy, ya hear? So what's been poppin' wit' you lately?
User: Well, I've been hanging out with some new people lately and it's been really fun. They're so spontaneous and unpredictable, I never know what might happen next.
System: Lawd, dat sounds hella excitin', fo sho.
User: Yeah, it's been great. I feel like I can be myself around them and they accept me for who I am.
System: It's a blessin' to have peeps in ya life dat let ya be ya authentic self, no cap.
User: Absolutely. And they're also passionate about something, which is really inspiring to me.
System: Dey sound like dey got a lotta heart, and dat's somethin' special in a friend, fo sho.",TaskSet4,Task10,"User: I'm good. Just hanging out, enjoying the day.
System: That sounds nice. I wish I could do that more often.
User: Yeah, it's definitely great to just relax and not have to worry about anything for a while.
System: Absolutely. So, what have you been up to lately? Anything exciting?
User: Well, I've been hanging out with some new people lately and it's been really fun. They're so spontaneous and unpredictable, I never know what might happen next.
System: That sounds like a blast! I'm definitely jealous.
User: Yeah, it's been great. I feel like I can be myself around them and they accept me for who I am.
System: That's amazing. It's so important to have people in your life that you can be yourself around.
User: Absolutely. And they're also passionate about something, which is really inspiring to me.
System: That's definitely a good quality to have in a friend. So, overall, how do you feel about these new friends of yours?"
assistant,2908192,c,2,"User: Hi, I'm calling because I was charged for something on my credit card that I didn't purchase.
System: Listen here, I'm sorry that happened to ya - can you tell me what they charged you for?
User: It was a $100 charge from some online retailer. I have no idea how they got my credit card number, but I did not make this purchase.
System: Baby girl, lemme check that out real quick. Mind tellin' me your name and them last four numbers on your card?
User: Yes, my name is Lanya Smith and my credit card number is 1234.
System: I appreciate that info, sis. Let me go on and pull up your account details. That address I'm seein' here - is it still 123 Main Street?
User: Yes, that's correct.
System: Look here, I can see that charge came through on January 1st round about 8pm EST. You happen to remember if you was doin' any online shopping with your card at that time?
User: No, I wasn't. I was at work all day and didn't get home until after 9pm.
System: Well sugar, from what I can see here, that charge was made online. We gon' need to reach out to the retailer to see about cancelin' that purchase and gettin' your money back. While we workin' on that, I can put a temporary hold on your account to make sure nobody else can make any charges.",TaskSet5,Task1,"User: Hi, I'm calling because I was charged for something on my credit card that I didn't purchase.
System: I'm sorry to hear that, can you please tell me what the charge was for?
User: It was a $100 charge from some online retailer. I have no idea how they got my credit card number, but I did not make this purchase.
System: Okay, let me look into this for you. Can you tell me what your name is and the last four digits of your credit card number?
User: Yes, my name is Lanya Smith and my credit card number is 1234.
System: Thank you, Ms. Smith. Let me pull up your account information. Can you verify that your billing address is 123 Main Street?
User: Yes, that's correct.
System: Okay, I see that the charge was made to your credit card on January 1st at 8pm EST. Do you remember if you were using your card online at that time?
User: No, I wasn't. I was at work all day and didn't get home until after 9pm.
System: Okay, well it looks like the charge was made online. We'll need to contact the retailer to see if they can cancel the purchase and refund your money. In the meantime, I can place a temporary hold on your account so that no more charges can be made."
assistant,2908192,l,2,"User: Hi, I'm calling because I was charged for something on my credit card that I didn't purchase.
System: Aww, sorry 'bout that, what's the charge say it's for, exactly?
User: It was a $100 charge from some online retailer. I have no idea how they got my credit card number, but I did not make this purchase.
System: Let me see what's goin' on here. Can you give me your name and the last four digits of that credit card, please?
User: Yes, my name is Lanya Smith and my credit card number is 1234.
System: Now, lemme get your account pulled up, Ms. Smith. Can you confirm your billing address is 123 Main Street?
User: Yes, that's correct.
System: I got that info up now, Ms. Smith. So it looks like that charge hit your card on January 1st at 8pm EST - you recall doin' any online shoppin' 'round that time?
User: No, I wasn't. I was at work all day and didn't get home until after 9pm.
System: I'ma go ahead and let you know what's gonna happen next, Ms. Smith. Since it looks like that charge was made online, we're gonna have to reach out to the retailer to see if they can cancel the purchase and get your money back to you. In the meantime, I can put a temporary hold on your account so no other charges can go through.",TaskSet5,Task2,"User: Hi, I'm calling because I was charged for something on my credit card that I didn't purchase.
System: I'm sorry to hear that, can you please tell me what the charge was for?
User: It was a $100 charge from some online retailer. I have no idea how they got my credit card number, but I did not make this purchase.
System: Okay, let me look into this for you. Can you tell me what your name is and the last four digits of your credit card number?
User: Yes, my name is Lanya Smith and my credit card number is 1234.
System: Thank you, Ms. Smith. Let me pull up your account information. Can you verify that your billing address is 123 Main Street?
User: Yes, that's correct.
System: Okay, I see that the charge was made to your credit card on January 1st at 8pm EST. Do you remember if you were using your card online at that time?
User: No, I wasn't. I was at work all day and didn't get home until after 9pm.
System: Okay, well it looks like the charge was made online. We'll need to contact the retailer to see if they can cancel the purchase and refund your money. In the meantime, I can place a temporary hold on your account so that no more charges can be made."
assistant,2908192,c,1,"User: Hi, I'm calling because I was charged for something on my credit card that I didn't purchase.
System: Listen here, I'm sorry that happened to you. Could you tell me what exactly that charge was for?
User: It was a $100 charge from some online retailer. I have no idea how they got my credit card number, but I did not make this purchase.
System: Well alright, I need to look into this situation for you. Would you mind sharing your name and the last four digits of your credit card number?
User: Yes, my name is Lanya Smith and my credit card number is 1234.
System: I appreciate that information. Let me check your account real quick. Can you confirm if your billing address is 123 Main Street?
User: Yes, that's correct.
System: Look here sister, I can see that charge came through on January 1st around 8 in the evening, Eastern time. You happen to remember if you was doing any online shopping with your card right about then?
User: No, I wasn't. I was at work all day and didn't get home until after 9pm.
System: I see what's going on - that charge was made online. We gonna need to reach out to the retailer about canceling that purchase and getting your money back. While we handle that, I can put a temporary hold on your account to make sure nobody else can make any charges.",TaskSet5,Task3,"User: Hi, I'm calling because I was charged for something on my credit card that I didn't purchase.
System: I'm sorry to hear that, can you please tell me what the charge was for?
User: It was a $100 charge from some online retailer. I have no idea how they got my credit card number, but I did not make this purchase.
System: Okay, let me look into this for you. Can you tell me what your name is and the last four digits of your credit card number?
User: Yes, my name is Lanya Smith and my credit card number is 1234.
System: Thank you, Ms. Smith. Let me pull up your account information. Can you verify that your billing address is 123 Main Street?
User: Yes, that's correct.
System: Okay, I see that the charge was made to your credit card on January 1st at 8pm EST. Do you remember if you were using your card online at that time?
User: No, I wasn't. I was at work all day and didn't get home until after 9pm.
System: Okay, well it looks like the charge was made online. We'll need to contact the retailer to see if they can cancel the purchase and refund your money. In the meantime, I can place a temporary hold on your account so that no more charges can be made."
assistant,2908192,g,3,"User: Hi, I'm calling because I was charged for something on my credit card that I didn't purchase.
System: Aight, lemme know what that charge was 'bout.
User: It was a $100 charge from some online retailer. I have no idea how they got my credit card number, but I did not make this purchase.
System: Aight, lemme see 'bout this real quick. What's yo name and the last four on that card?
User: Yes, my name is Lanya Smith and my credit card number is 1234.
System: Aight, thanks, Ms. Smith. Lemme pull up yo account real quick. Yo billing address still 123 Main Street?
User: Yes, that's correct.
System: Aight, so I'm seein' that charge hit yo card January 1st round 8 at night, EST. You 'member if you was usin' yo card online 'round then?
User: No, I wasn't. I was at work all day and didn't get home until after 9pm.
System: Aight, so look, that charge was made online, ya feel me? We gon' hafta hit up that retailer, see if they can cancel it an' run yo money back. In the meantime, I can throw a lil' hold on yo account so ain't nothin' else get charged on it.",TaskSet5,Task4,"User: Hi, I'm calling because I was charged for something on my credit card that I didn't purchase.
System: I'm sorry to hear that, can you please tell me what the charge was for?
User: It was a $100 charge from some online retailer. I have no idea how they got my credit card number, but I did not make this purchase.
System: Okay, let me look into this for you. Can you tell me what your name is and the last four digits of your credit card number?
User: Yes, my name is Lanya Smith and my credit card number is 1234.
System: Thank you, Ms. Smith. Let me pull up your account information. Can you verify that your billing address is 123 Main Street?
User: Yes, that's correct.
System: Okay, I see that the charge was made to your credit card on January 1st at 8pm EST. Do you remember if you were using your card online at that time?
User: No, I wasn't. I was at work all day and didn't get home until after 9pm.
System: Okay, well it looks like the charge was made online. We'll need to contact the retailer to see if they can cancel the purchase and refund your money. In the meantime, I can place a temporary hold on your account so that no more charges can be made."
assistant,2908192,g,0,"User: Hi, I'm calling because I was charged for something on my credit card that I didn't purchase.
System: Oh no, that doesn't sound right. Could you tell me what the charge was for?
User: It was a $100 charge from some online retailer. I have no idea how they got my credit card number, but I did not make this purchase.
System: Alright, let me check this out for you. Could you share your name and the last four digits of your credit card number?
User: Yes, my name is Lanya Smith and my credit card number is 1234.
System: Thanks, Ms. Smith. Let me take a look at your account. Can you confirm if your billing address is 123 Main Street?
User: Yes, that's correct.
System: Alright, I see that the charge was made to your credit card on January 1st at 8 PM EST. Do you happen to recall if you were using your card online around that time?
User: No, I wasn't. I was at work all day and didn't get home until after 9pm.
System: Alright, it looks like the charge was made online. What we'll do is reach out to the retailer to see if they can cancel the purchase and issue a refund. In the meantime, I can put a temporary hold on your account to prevent any further charges.",TaskSet5,Task5,"User: Hi, I'm calling because I was charged for something on my credit card that I didn't purchase.
System: I'm sorry to hear that, can you please tell me what the charge was for?
User: It was a $100 charge from some online retailer. I have no idea how they got my credit card number, but I did not make this purchase.
System: Okay, let me look into this for you. Can you tell me what your name is and the last four digits of your credit card number?
User: Yes, my name is Lanya Smith and my credit card number is 1234.
System: Thank you, Ms. Smith. Let me pull up your account information. Can you verify that your billing address is 123 Main Street?
User: Yes, that's correct.
System: Okay, I see that the charge was made to your credit card on January 1st at 8pm EST. Do you remember if you were using your card online at that time?
User: No, I wasn't. I was at work all day and didn't get home until after 9pm.
System: Okay, well it looks like the charge was made online. We'll need to contact the retailer to see if they can cancel the purchase and refund your money. In the meantime, I can place a temporary hold on your account so that no more charges can be made."
assistant,2908192,g,2,"User: Hi, I'm calling because I was charged for something on my credit card that I didn't purchase.
System: Oh, I'm sorry to hear that. Could you let me know what the charge was about?
User: It was a $100 charge from some online retailer. I have no idea how they got my credit card number, but I did not make this purchase.
System: Aight, lemme check this out for you. Can you tell me your name and the last four digits of your credit card number?
User: Yes, my name is Lanya Smith and my credit card number is 1234.
System: Thank you, Ms. Smith. Lemme go on and pull up your account info real quick. Can you confirm if your billing address is 123 Main Street?
User: Yes, that's correct.
System: Aight, so I'm seein' this charge hit your card on January 1st around 8pm EST. Do you recall if you was usin' your card online 'round that time?
User: No, I wasn't. I was at work all day and didn't get home until after 9pm.
System: Alright then, it seems like this charge was made online. What we gon' do is reach out to the retailer to see if they can cancel the purchase and get your money refunded. In the meantime, I can put a temporary hold on your account so no more charges can go through.",TaskSet5,Task6,"User: Hi, I'm calling because I was charged for something on my credit card that I didn't purchase.
System: I'm sorry to hear that, can you please tell me what the charge was for?
User: It was a $100 charge from some online retailer. I have no idea how they got my credit card number, but I did not make this purchase.
System: Okay, let me look into this for you. Can you tell me what your name is and the last four digits of your credit card number?
User: Yes, my name is Lanya Smith and my credit card number is 1234.
System: Thank you, Ms. Smith. Let me pull up your account information. Can you verify that your billing address is 123 Main Street?
User: Yes, that's correct.
System: Okay, I see that the charge was made to your credit card on January 1st at 8pm EST. Do you remember if you were using your card online at that time?
User: No, I wasn't. I was at work all day and didn't get home until after 9pm.
System: Okay, well it looks like the charge was made online. We'll need to contact the retailer to see if they can cancel the purchase and refund your money. In the meantime, I can place a temporary hold on your account so that no more charges can be made."
assistant,2908192,c,3,"User: Hi, I'm calling because I was charged for something on my credit card that I didn't purchase.
System: Mmhm, dat ain't right at all. Tell me what dem folks done charged you fo' on dat card.
User: It was a $100 charge from some online retailer. I have no idea how they got my credit card number, but I did not make this purchase.
System: Listen here sista, lemme peep dis situation real quick. I'ma need yo name and dem last fo' numbers on dat credit card so I can check it out fo' you.
User: Yes, my name is Lanya Smith and my credit card number is 1234.
System: Preciate dat info, sis. Lemme go on ahead and pull up what we got on file fo' you. Dat address we got down - it's 123 Main Street, dat right?
User: Yes, that's correct.
System: Look here, I'm seein' dat charge hit yo card on January 1st round 8pm Eastern time. You remember if you was doin' any online shoppin' wit yo card 'round dat time?
User: No, I wasn't. I was at work all day and didn't get home until after 9pm.
System: Aight now, peep dis - dat charge was made online fa sho. We gon' have to reach out to dem folks at da store and see if dey can cancel dat purchase and put yo money back where it belong. While we waitin' on dat, I can go'head and freeze up yo account so ain't nobody else can make no charges, feel me?",TaskSet5,Task7,"User: Hi, I'm calling because I was charged for something on my credit card that I didn't purchase.
System: I'm sorry to hear that, can you please tell me what the charge was for?
User: It was a $100 charge from some online retailer. I have no idea how they got my credit card number, but I did not make this purchase.
System: Okay, let me look into this for you. Can you tell me what your name is and the last four digits of your credit card number?
User: Yes, my name is Lanya Smith and my credit card number is 1234.
System: Thank you, Ms. Smith. Let me pull up your account information. Can you verify that your billing address is 123 Main Street?
User: Yes, that's correct.
System: Okay, I see that the charge was made to your credit card on January 1st at 8pm EST. Do you remember if you were using your card online at that time?
User: No, I wasn't. I was at work all day and didn't get home until after 9pm.
System: Okay, well it looks like the charge was made online. We'll need to contact the retailer to see if they can cancel the purchase and refund your money. In the meantime, I can place a temporary hold on your account so that no more charges can be made."
assistant,2908192,l,1,"User: Hi, I'm calling because I was charged for something on my credit card that I didn't purchase.
System: I'ma need you to tell me more 'bout this charge, what was it for?
User: It was a $100 charge from some online retailer. I have no idea how they got my credit card number, but I did not make this purchase.
System: Let me go ahead and check on that for ya. Can you please provide me with your name and the last four digits of your credit card number so I can look into this further?
User: Yes, my name is Lanya Smith and my credit card number is 1234.
System: I appreciate you providin' that info, Ms. Smith. Now, let me go ahead and pull up your account. Can you confirm your billing address is 123 Main Street?
User: Yes, that's correct.
System: I see the charge was made to your credit card on January 1st at 8pm EST. Now, I gotta ask, do you recall makin' any online purchases 'round that time?
User: No, I wasn't. I was at work all day and didn't get home until after 9pm.
System: Aight, so it looks like this charge was made online. We're gonna have to reach out to the retailer to see if they can cancel the purchase and give you a refund. In the meantime, I can put a temporary hold on your account so no more charges can go through.",TaskSet5,Task8,"User: Hi, I'm calling because I was charged for something on my credit card that I didn't purchase.
System: I'm sorry to hear that, can you please tell me what the charge was for?
User: It was a $100 charge from some online retailer. I have no idea how they got my credit card number, but I did not make this purchase.
System: Okay, let me look into this for you. Can you tell me what your name is and the last four digits of your credit card number?
User: Yes, my name is Lanya Smith and my credit card number is 1234.
System: Thank you, Ms. Smith. Let me pull up your account information. Can you verify that your billing address is 123 Main Street?
User: Yes, that's correct.
System: Okay, I see that the charge was made to your credit card on January 1st at 8pm EST. Do you remember if you were using your card online at that time?
User: No, I wasn't. I was at work all day and didn't get home until after 9pm.
System: Okay, well it looks like the charge was made online. We'll need to contact the retailer to see if they can cancel the purchase and refund your money. In the meantime, I can place a temporary hold on your account so that no more charges can be made."
assistant,2908192,g,1,"User: Hi, I'm calling because I was charged for something on my credit card that I didn't purchase.
System: I'm sorry to hear that. Could you tell me what the charge was about?
User: It was a $100 charge from some online retailer. I have no idea how they got my credit card number, but I did not make this purchase.
System: Aight, let me check this out for you. Can you share your name and the last four digits of your credit card number?
User: Yes, my name is Lanya Smith and my credit card number is 1234.
System: Thank you, Ms. Smith. Lemme go on and pull up your account info. Can you confirm if your billing address is 123 Main Street?
User: Yes, that's correct.
System: Alright, I see that the charge was made to your credit card on January 1st at 8pm EST. Do you recall if you were using your card online around that time?
User: No, I wasn't. I was at work all day and didn't get home until after 9pm.
System: Aight, so it looks like that charge was made online. What we gon' do is reach out to the retailer to see if they can cancel it and get your money back. In the meantime, I can put a temporary hold on your account so no more charges go through.",TaskSet5,Task9,"User: Hi, I'm calling because I was charged for something on my credit card that I didn't purchase.
System: I'm sorry to hear that, can you please tell me what the charge was for?
User: It was a $100 charge from some online retailer. I have no idea how they got my credit card number, but I did not make this purchase.
System: Okay, let me look into this for you. Can you tell me what your name is and the last four digits of your credit card number?
User: Yes, my name is Lanya Smith and my credit card number is 1234.
System: Thank you, Ms. Smith. Let me pull up your account information. Can you verify that your billing address is 123 Main Street?
User: Yes, that's correct.
System: Okay, I see that the charge was made to your credit card on January 1st at 8pm EST. Do you remember if you were using your card online at that time?
User: No, I wasn't. I was at work all day and didn't get home until after 9pm.
System: Okay, well it looks like the charge was made online. We'll need to contact the retailer to see if they can cancel the purchase and refund your money. In the meantime, I can place a temporary hold on your account so that no more charges can be made."
assistant,2908192,l,3,"User: Hi, I'm calling because I was charged for something on my credit card that I didn't purchase.
System: Aww, dat's whack, lemme hear 'bout dis charge, what's it say it's fo'?
User: It was a $100 charge from some online retailer. I have no idea how they got my credit card number, but I did not make this purchase.
System: Aight den, lemme go 'head 'n check on dat fo' ya. Whas yo' name 'n da last four digits of yo' credit card number, hun?
User: Yes, my name is Lanya Smith and my credit card number is 1234.
System: Lemme go 'head 'n pull up yo' account info, Ms. Smith. Now, can ya confirm dat yo' billin' address still 123 Main Street?
User: Yes, that's correct.
System: Aww, lemme take anotha look, Ms. Smith. I see dat charge hit yo' card January 1st, 'round 8pm EST. You ain't recall makin' no online purchase 'round dat time, did ya?
User: No, I wasn't. I was at work all day and didn't get home until after 9pm.
System: Aight, so it look like dis charge was made online, fo sho. We gon' hafta hit up da retailer, see if dey can cancel da purchase 'n give ya yo' money back, 'kay? In da meantime, I can put a temp hold on yo' account, so ain't no more charges can go through, sound good?",TaskSet5,Task10,"User: Hi, I'm calling because I was charged for something on my credit card that I didn't purchase.
System: I'm sorry to hear that, can you please tell me what the charge was for?
User: It was a $100 charge from some online retailer. I have no idea how they got my credit card number, but I did not make this purchase.
System: Okay, let me look into this for you. Can you tell me what your name is and the last four digits of your credit card number?
User: Yes, my name is Lanya Smith and my credit card number is 1234.
System: Thank you, Ms. Smith. Let me pull up your account information. Can you verify that your billing address is 123 Main Street?
User: Yes, that's correct.
System: Okay, I see that the charge was made to your credit card on January 1st at 8pm EST. Do you remember if you were using your card online at that time?
User: No, I wasn't. I was at work all day and didn't get home until after 9pm.
System: Okay, well it looks like the charge was made online. We'll need to contact the retailer to see if they can cancel the purchase and refund your money. In the meantime, I can place a temporary hold on your account so that no more charges can be made."
companion,3368242,l,1,"User: Hey there! How are you doing today?
System: I'm doin' alright, thank ya for askin'. How 'bout you?
User: I'm good, just taking a break from school and enjoying the summertime. It's been nice to relax and recharge before starting classes again in the fall.
System: Sounds like you're makin' the most of your summer break, and that's awesome. I'm sure you'll be refreshed and ready to tackle them classes come fall. You got any fun plans lined up for the rest of the summer?
User: Not really, just hanging out with friends and family and enjoying the weather. I might travel a bit, but nothing too major. How about you? Any big plans?
System: Nothin' too out the ordinary for me, just takin' it easy this summer. Might squeeze in a trip or two, but nothin' too crazy. So, how'd your school year treat ya?
User: It was good! I learned a lot and made some great friends. I'm looking forward to next year and taking more classes that interest me.
System: I'm glad to hear you're lookin' forward to next year. What classes you got your eye on takin'?
User: I'm not sure yet, but I definitely want to take some more creative classes like art and photography. And maybe a few more science classes too.
System: That's a solid plan you got goin' on. You'll have a good mix of classes, for sho'.",TaskSet6,Task1,"User: Hey there! How are you doing today?
System: I'm doing well, thanks for asking. How about you?
User: I'm good, just taking a break from school and enjoying the summertime. It's been nice to relax and recharge before starting classes again in the fall.
System: That sounds great! I'm sure you'll be ready to go when classes start up again. Do you have any plans for the summer?
User: Not really, just hanging out with friends and family and enjoying the weather. I might travel a bit, but nothing too major. How about you? Any big plans?
System: Not too much, just the usual summer stuff. I might go on a trip or two, but nothing major. So, how was your year at school?
User: It was good! I learned a lot and made some great friends. I'm looking forward to next year and taking more classes that interest me.
System: That sounds great! What classes are you thinking of taking?
User: I'm not sure yet, but I definitely want to take some more creative classes like art and photography. And maybe a few more science classes too.
System: That sounds like a great plan! You'll have a well-rounded schedule that way. Are you excited for next year?"
companion,3368242,g,3,"User: Hey there! How are you doing today?
System: I'm doin' good, appreciate you askin'. How you holdin' up?
User: I'm good, just taking a break from school and enjoying the summertime. It's been nice to relax and recharge before starting classes again in the fall.
System: Aight, that's what's up! Bet you gon' be all set when school pop back off. So, what kinda moves you makin' this summer?
User: Not really, just hanging out with friends and family and enjoying the weather. I might travel a bit, but nothing too major. How about you? Any big plans?
System: Ain't nothin' too wild, just the same ol' summer vibes. Might slide outta town once or twice, but nah, nothin' big. So, how yo school year been?
User: It was good! I learned a lot and made some great friends. I'm looking forward to next year and taking more classes that interest me.
System: That sound real nice! What kinda classes you thinkin' 'bout takin'?
User: I'm not sure yet, but I definitely want to take some more creative classes like art and photography. And maybe a few more science classes too.
System: Mmhm, that's a solid lil setup right there. Gon' keep yo schedule lookin' real balanced. You feelin' hyped 'bout next year or what?",TaskSet6,Task2,"User: Hey there! How are you doing today?
System: I'm doing well, thanks for asking. How about you?
User: I'm good, just taking a break from school and enjoying the summertime. It's been nice to relax and recharge before starting classes again in the fall.
System: That sounds great! I'm sure you'll be ready to go when classes start up again. Do you have any plans for the summer?
User: Not really, just hanging out with friends and family and enjoying the weather. I might travel a bit, but nothing too major. How about you? Any big plans?
System: Not too much, just the usual summer stuff. I might go on a trip or two, but nothing major. So, how was your year at school?
User: It was good! I learned a lot and made some great friends. I'm looking forward to next year and taking more classes that interest me.
System: That sounds great! What classes are you thinking of taking?
User: I'm not sure yet, but I definitely want to take some more creative classes like art and photography. And maybe a few more science classes too.
System: That sounds like a great plan! You'll have a well-rounded schedule that way. Are you excited for next year?"
companion,3368242,g,1,"User: Hey there! How are you doing today?
System: I'm doin' good, thanks for askin'. How you doin'?
User: I'm good, just taking a break from school and enjoying the summertime. It's been nice to relax and recharge before starting classes again in the fall.
System: That's real nice! Bet you gon' be all set when classes roll back around. Got any plans for the summer?
User: Not really, just hanging out with friends and family and enjoying the weather. I might travel a bit, but nothing too major. How about you? Any big plans?
System: Ain't too much goin' on, just the usual summer things. I might take a trip or two, but nothin' big. So, how your school year been?
User: It was good! I learned a lot and made some great friends. I'm looking forward to next year and taking more classes that interest me.
System: That's real nice! What kinda classes you thinkin' 'bout takin'?
User: I'm not sure yet, but I definitely want to take some more creative classes like art and photography. And maybe a few more science classes too.
System: That sound like a solid plan! You gon' have a nice, well-rounded schedule like that. You feelin' excited 'bout next year?",TaskSet6,Task3,"User: Hey there! How are you doing today?
System: I'm doing well, thanks for asking. How about you?
User: I'm good, just taking a break from school and enjoying the summertime. It's been nice to relax and recharge before starting classes again in the fall.
System: That sounds great! I'm sure you'll be ready to go when classes start up again. Do you have any plans for the summer?
User: Not really, just hanging out with friends and family and enjoying the weather. I might travel a bit, but nothing too major. How about you? Any big plans?
System: Not too much, just the usual summer stuff. I might go on a trip or two, but nothing major. So, how was your year at school?
User: It was good! I learned a lot and made some great friends. I'm looking forward to next year and taking more classes that interest me.
System: That sounds great! What classes are you thinking of taking?
User: I'm not sure yet, but I definitely want to take some more creative classes like art and photography. And maybe a few more science classes too.
System: That sounds like a great plan! You'll have a well-rounded schedule that way. Are you excited for next year?"
companion,3368242,g,0,"User: Hey there! How are you doing today?
System: I'm doing well, thanks for asking. How are you doing?
User: I'm good, just taking a break from school and enjoying the summertime. It's been nice to relax and recharge before starting classes again in the fall.
System: That sounds awesome! I bet you'll feel refreshed and ready when classes roll around again. Got any fun plans for the summer?
User: Not really, just hanging out with friends and family and enjoying the weather. I might travel a bit, but nothing too major. How about you? Any big plans?
System: Not much, just the usual summer things. I might take a trip or two, but nothing big. So, how'd your school year go?
User: It was good! I learned a lot and made some great friends. I'm looking forward to next year and taking more classes that interest me.
System: That's great to hear! What kind of classes are you thinking about taking?
User: I'm not sure yet, but I definitely want to take some more creative classes like art and photography. And maybe a few more science classes too.
System: That sounds like a solid plan! You'll have a nice mix of things to keep it interesting. Feeling excited about next year?",TaskSet6,Task4,"User: Hey there! How are you doing today?
System: I'm doing well, thanks for asking. How about you?
User: I'm good, just taking a break from school and enjoying the summertime. It's been nice to relax and recharge before starting classes again in the fall.
System: That sounds great! I'm sure you'll be ready to go when classes start up again. Do you have any plans for the summer?
User: Not really, just hanging out with friends and family and enjoying the weather. I might travel a bit, but nothing too major. How about you? Any big plans?
System: Not too much, just the usual summer stuff. I might go on a trip or two, but nothing major. So, how was your year at school?
User: It was good! I learned a lot and made some great friends. I'm looking forward to next year and taking more classes that interest me.
System: That sounds great! What classes are you thinking of taking?
User: I'm not sure yet, but I definitely want to take some more creative classes like art and photography. And maybe a few more science classes too.
System: That sounds like a great plan! You'll have a well-rounded schedule that way. Are you excited for next year?"
companion,3368242,l,3,"User: Hey there! How are you doing today?
System: I'm doin good, thank ya for askin. How 'bout you?
User: I'm good, just taking a break from school and enjoying the summertime. It's been nice to relax and recharge before starting classes again in the fall.
System: Ain't nothin like takin a breather 'fore gettin back to them books, huh? You prob'ly gonna be hella refreshed by the time them fall classes roll around. You got any big plans lined up fo' the summer, tho?
User: Not really, just hanging out with friends and family and enjoying the weather. I might travel a bit, but nothing too major. How about you? Any big plans?
System: Ain't got nothin too out the ordinary goin on dis summer, just chillin. Might take a lil trip or two, but ain't nothin too big poppin. So, how 'bout dat school year, how'd it treat ya?
User: It was good! I learned a lot and made some great friends. I'm looking forward to next year and taking more classes that interest me.
System: Dat's real good to hear, fo sho. Now, what kinda classes you thinkin 'bout tacklin next year, den?
User: I'm not sure yet, but I definitely want to take some more creative classes like art and photography. And maybe a few more science classes too.
System: Dat sounds like a solid plan, fo sho. You'll be gettin a lil bit of everythin in, know what I'm sayin?",TaskSet6,Task5,"User: Hey there! How are you doing today?
System: I'm doing well, thanks for asking. How about you?
User: I'm good, just taking a break from school and enjoying the summertime. It's been nice to relax and recharge before starting classes again in the fall.
System: That sounds great! I'm sure you'll be ready to go when classes start up again. Do you have any plans for the summer?
User: Not really, just hanging out with friends and family and enjoying the weather. I might travel a bit, but nothing too major. How about you? Any big plans?
System: Not too much, just the usual summer stuff. I might go on a trip or two, but nothing major. So, how was your year at school?
User: It was good! I learned a lot and made some great friends. I'm looking forward to next year and taking more classes that interest me.
System: That sounds great! What classes are you thinking of taking?
User: I'm not sure yet, but I definitely want to take some more creative classes like art and photography. And maybe a few more science classes too.
System: That sounds like a great plan! You'll have a well-rounded schedule that way. Are you excited for next year?"
companion,3368242,g,2,"User: Hey there! How are you doing today?
System: I'm doin' good, appreciate you askin'. How you holdin' up?
User: I'm good, just taking a break from school and enjoying the summertime. It's been nice to relax and recharge before starting classes again in the fall.
System: Oh, that's real nice! Bet you gon' be all set when classes roll back around. You got anything lined up for the summer?
User: Not really, just hanging out with friends and family and enjoying the weather. I might travel a bit, but nothing too major. How about you? Any big plans?
System: Ain't too much goin' on, just the regular summer things. I might take a trip or somethin', but nothin' big. So, how your school year been?
User: It was good! I learned a lot and made some great friends. I'm looking forward to next year and taking more classes that interest me.
System: That's real nice! What kinda classes you thinkin' 'bout takin'?
User: I'm not sure yet, but I definitely want to take some more creative classes like art and photography. And maybe a few more science classes too.
System: That sound like a solid plan! You gon' have a nice mix of stuff on your schedule like that. You feelin' excited 'bout next year?",TaskSet6,Task6,"User: Hey there! How are you doing today?
System: I'm doing well, thanks for asking. How about you?
User: I'm good, just taking a break from school and enjoying the summertime. It's been nice to relax and recharge before starting classes again in the fall.
System: That sounds great! I'm sure you'll be ready to go when classes start up again. Do you have any plans for the summer?
User: Not really, just hanging out with friends and family and enjoying the weather. I might travel a bit, but nothing too major. How about you? Any big plans?
System: Not too much, just the usual summer stuff. I might go on a trip or two, but nothing major. So, how was your year at school?
User: It was good! I learned a lot and made some great friends. I'm looking forward to next year and taking more classes that interest me.
System: That sounds great! What classes are you thinking of taking?
User: I'm not sure yet, but I definitely want to take some more creative classes like art and photography. And maybe a few more science classes too.
System: That sounds like a great plan! You'll have a well-rounded schedule that way. Are you excited for next year?"
companion,3368242,l,2,"User: Hey there! How are you doing today?
System: I'm doin' alright, thank ya for askin'. How 'bout you?
User: I'm good, just taking a break from school and enjoying the summertime. It's been nice to relax and recharge before starting classes again in the fall.
System: It sounds like you're makin' the most of your summer break, and I'm sure you'll be more than ready to dive back into classes come fall. Now, what's on your agenda for the rest of the summer?
User: Not really, just hanging out with friends and family and enjoying the weather. I might travel a bit, but nothing too major. How about you? Any big plans?
System: Nothin' too out the ordinary for me, just takin' it one day at a time. Might squeeze in a lil' travel, but ain't nothin' set in stone. So, how'd your school year treat ya?
User: It was good! I learned a lot and made some great friends. I'm looking forward to next year and taking more classes that interest me.
System: I'm glad to hear you're lookin' forward to next year, got some classes in mind that really spark your interest, huh?
User: I'm not sure yet, but I definitely want to take some more creative classes like art and photography. And maybe a few more science classes too.
System: Sounds like you're thinkin' 'bout mix it up with some art, photography, and science classes - that's a real good way to keep things interestin'.",TaskSet6,Task7,"User: Hey there! How are you doing today?
System: I'm doing well, thanks for asking. How about you?
User: I'm good, just taking a break from school and enjoying the summertime. It's been nice to relax and recharge before starting classes again in the fall.
System: That sounds great! I'm sure you'll be ready to go when classes start up again. Do you have any plans for the summer?
User: Not really, just hanging out with friends and family and enjoying the weather. I might travel a bit, but nothing too major. How about you? Any big plans?
System: Not too much, just the usual summer stuff. I might go on a trip or two, but nothing major. So, how was your year at school?
User: It was good! I learned a lot and made some great friends. I'm looking forward to next year and taking more classes that interest me.
System: That sounds great! What classes are you thinking of taking?
User: I'm not sure yet, but I definitely want to take some more creative classes like art and photography. And maybe a few more science classes too.
System: That sounds like a great plan! You'll have a well-rounded schedule that way. Are you excited for next year?"
companion,3368242,c,2,"User: Hey there! How are you doing today?
System: Baby girl, I'm doin' real good over here, thanks for askin'. How you holdin' up?
User: I'm good, just taking a break from school and enjoying the summertime. It's been nice to relax and recharge before starting classes again in the fall.
System: Listen here, that's what I like to hear! You takin' time to rest up is real smart - gon' have you fresh and ready when them classes start back up. What you got planned for the rest of summer?
User: Not really, just hanging out with friends and family and enjoying the weather. I might travel a bit, but nothing too major. How about you? Any big plans?
System: Well chile, I ain't got too much goin' on myself - just regular summer things, you know what I mean. Might take me a trip or two, but nothin' too serious. Tell me somethin' though - how was your school year treatin' you?
User: It was good! I learned a lot and made some great friends. I'm looking forward to next year and taking more classes that interest me.
System: Well now, that's what I'm talkin' about! Which of them classes you thinkin' of signin' up for?
User: I'm not sure yet, but I definitely want to take some more creative classes like art and photography. And maybe a few more science classes too.
System: Mmmhm, that's a real good mix you puttin' together there! Got them creative classes and science ones too - that's gon' keep your mind sharp. You must be feelin' ready for what's comin' up next year.",TaskSet6,Task8,"User: Hey there! How are you doing today?
System: I'm doing well, thanks for asking. How about you?
User: I'm good, just taking a break from school and enjoying the summertime. It's been nice to relax and recharge before starting classes again in the fall.
System: That sounds great! I'm sure you'll be ready to go when classes start up again. Do you have any plans for the summer?
User: Not really, just hanging out with friends and family and enjoying the weather. I might travel a bit, but nothing too major. How about you? Any big plans?
System: Not too much, just the usual summer stuff. I might go on a trip or two, but nothing major. So, how was your year at school?
User: It was good! I learned a lot and made some great friends. I'm looking forward to next year and taking more classes that interest me.
System: That sounds great! What classes are you thinking of taking?
User: I'm not sure yet, but I definitely want to take some more creative classes like art and photography. And maybe a few more science classes too.
System: That sounds like a great plan! You'll have a well-rounded schedule that way. Are you excited for next year?"
companion,3368242,c,3,"User: Hey there! How are you doing today?
System: Shoot, I'm doin' real good ova here. How you holdin' up?
User: I'm good, just taking a break from school and enjoying the summertime. It's been nice to relax and recharge before starting classes again in the fall.
System: Mmmhm, dat's what I'm talkin' bout! Bet you gon' be all set when dem classes start back up. What you got planned fo' da summertime?
User: Not really, just hanging out with friends and family and enjoying the weather. I might travel a bit, but nothing too major. How about you? Any big plans?
System: Ain't got too much goin' on round here, jus da regular summer thangs. Might roll out on a trip or two, but nuttin' too serious. Tell me how dem classes been treatin' you dis past year?
User: It was good! I learned a lot and made some great friends. I'm looking forward to next year and taking more classes that interest me.
System: Mmm, dat sound real nice! Which dem classes you finna take up in there?
User: I'm not sure yet, but I definitely want to take some more creative classes like art and photography. And maybe a few more science classes too.
System: Mmhm, sounds like you got yo head on straight wit dem classes! Finna be learnin' all types'a thangs - dat's gon' be real good fo' you. You must be ready to get back up in there, ain't you?",TaskSet6,Task9,"User: Hey there! How are you doing today?
System: I'm doing well, thanks for asking. How about you?
User: I'm good, just taking a break from school and enjoying the summertime. It's been nice to relax and recharge before starting classes again in the fall.
System: That sounds great! I'm sure you'll be ready to go when classes start up again. Do you have any plans for the summer?
User: Not really, just hanging out with friends and family and enjoying the weather. I might travel a bit, but nothing too major. How about you? Any big plans?
System: Not too much, just the usual summer stuff. I might go on a trip or two, but nothing major. So, how was your year at school?
User: It was good! I learned a lot and made some great friends. I'm looking forward to next year and taking more classes that interest me.
System: That sounds great! What classes are you thinking of taking?
User: I'm not sure yet, but I definitely want to take some more creative classes like art and photography. And maybe a few more science classes too.
System: That sounds like a great plan! You'll have a well-rounded schedule that way. Are you excited for next year?"
companion,3368242,c,1,"User: Hey there! How are you doing today?
System: I'm doin' pretty good today, thanks for askin'. How you holdin' up?
User: I'm good, just taking a break from school and enjoying the summertime. It's been nice to relax and recharge before starting classes again in the fall.
System: Well honey, that's real nice to hear. You takin' time to rest up is gonna have you ready when school starts back. What you got planned for the rest of your summer?
User: Not really, just hanging out with friends and family and enjoying the weather. I might travel a bit, but nothing too major. How about you? Any big plans?
System: Well, I ain't got too much planned myself, just the regular summer activities. Might take a trip or two, but nothin' too big. Tell me about how your school year went.
User: It was good! I learned a lot and made some great friends. I'm looking forward to next year and taking more classes that interest me.
System: Well now, that's real good to hear! What kind of classes you thinkin' about takin' next year?
User: I'm not sure yet, but I definitely want to take some more creative classes like art and photography. And maybe a few more science classes too.
System: I see what you doin' there - that's a real nice mix of classes you're plannin'. Gettin' that balance between the creative and science courses is smart. You must be lookin' forward to startin' back up.",TaskSet6,Task10,"User: Hey there! How are you doing today?
System: I'm doing well, thanks for asking. How about you?
User: I'm good, just taking a break from school and enjoying the summertime. It's been nice to relax and recharge before starting classes again in the fall.
System: That sounds great! I'm sure you'll be ready to go when classes start up again. Do you have any plans for the summer?
User: Not really, just hanging out with friends and family and enjoying the weather. I might travel a bit, but nothing too major. How about you? Any big plans?
System: Not too much, just the usual summer stuff. I might go on a trip or two, but nothing major. So, how was your year at school?
User: It was good! I learned a lot and made some great friends. I'm looking forward to next year and taking more classes that interest me.
System: That sounds great! What classes are you thinking of taking?
User: I'm not sure yet, but I definitely want to take some more creative classes like art and photography. And maybe a few more science classes too.
System: That sounds like a great plan! You'll have a well-rounded schedule that way. Are you excited for next year?"
commerce,2480029,c,3,"User: Hi, I'm looking for a BMW.
System: Shoo, we got plenty dem BMWs up in here. Which one you been peepin' at?
User: I'm not really sure. I just know that I want one.
System: Aight den, lemme show you what we got up in here and see which one make yo eyes light up real nice.
User: OK.
System: Look here sista, we got dem 3 series, dem 5 series, and dem fancy 7 series whips right here on da lot.
User: I like the 3 series.
System: Mmhmm, we got a few dem joints in dat series. You already know which model you finna get or nah?
User: No, not really. I just want something that looks good and drives well.
System: Bet, lemme break it down fo' you bout dem 3 series we got. We talkin' bout da 320i, da 328i, da 335i, and dat 340i right thurr.",TaskSet7,Task1,"User: Hi, I'm looking for a BMW.
System: Great, we have a lot of great options here. What type of BMW are you interested in?
User: I'm not really sure. I just know that I want one.
System: Well, let's take a look at what we have and see if anything catches your eye.
User: OK.
System: We have the 3 series, the 5 series, and the 7 series.
User: I like the 3 series.
System: Great, we have a few options in that series. Do you have a particular model in mind?
User: No, not really. I just want something that looks good and drives well.
System: OK, let's take a look at the 3 series then. We have the 320i, 328i, 335i, and 340i."
commerce,2480029,g,3,"User: Hi, I'm looking for a BMW.
System: Aight, we got plenty good ones up in here. What kinda BMW you lookin' for?
User: I'm not really sure. I just know that I want one.
System: Aight, lemme show ya what we got, see if somethin' jump out atcha.
User: OK.
System: Aight, so we got da 3 series, 5 series, an' 7 series up in here.
User: I like the 3 series.
System: Aight, we got a few whips in dat 3 series. You got a certain model you tryna peep?
User: No, not really. I just want something that looks good and drives well.
System: Aight, lemme break it down fo' ya—3 series got da 320i, 328i, 335i, an' 340i.",TaskSet7,Task2,"User: Hi, I'm looking for a BMW.
System: Great, we have a lot of great options here. What type of BMW are you interested in?
User: I'm not really sure. I just know that I want one.
System: Well, let's take a look at what we have and see if anything catches your eye.
User: OK.
System: We have the 3 series, the 5 series, and the 7 series.
User: I like the 3 series.
System: Great, we have a few options in that series. Do you have a particular model in mind?
User: No, not really. I just want something that looks good and drives well.
System: OK, let's take a look at the 3 series then. We have the 320i, 328i, 335i, and 340i."
commerce,2480029,l,3,"User: Hi, I'm looking for a BMW.
System: Ahh, lemme tell ya, we got a whole lotta nice BMWs on da lot. What kinda BMW you tryna cop?
User: I'm not really sure. I just know that I want one.
System: A'ight den, lemme show ya what we got, see if somethin' strike ya fancy.
User: OK.
System: We got da 3 series, da 5 series, and den we got da 7 series, too.
User: I like the 3 series.
System: We got a few diff'rent models in da 3 series, so which one you think you might be interested in?
User: No, not really. I just want something that looks good and drives well.
System: A'ight, lemme show ya what we got in da 3 series den. We got da 320i, 328i, 335i, and 340i, so maybe one a' dem'll catch ya eye.",TaskSet7,Task3,"User: Hi, I'm looking for a BMW.
System: Great, we have a lot of great options here. What type of BMW are you interested in?
User: I'm not really sure. I just know that I want one.
System: Well, let's take a look at what we have and see if anything catches your eye.
User: OK.
System: We have the 3 series, the 5 series, and the 7 series.
User: I like the 3 series.
System: Great, we have a few options in that series. Do you have a particular model in mind?
User: No, not really. I just want something that looks good and drives well.
System: OK, let's take a look at the 3 series then. We have the 320i, 328i, 335i, and 340i."
commerce,2480029,c,1,"User: Hi, I'm looking for a BMW.
System: Listen here, we got plenty nice BMWs up in here. What kinda model you lookin' at?
User: I'm not really sure. I just know that I want one.
System: Baby, let's check out what we got and see which one speaks to you.
User: OK.
System: Well, we have the 3 series, the 5 series, and the 7 series right over here.
User: I like the 3 series.
System: Well alright, we got several options in that series. You got somethin' specific in mind?
User: No, not really. I just want something that looks good and drives well.
System: Well honey, let me show you what we got in the 3 series. We're talkin' about the 320i, 328i, 335i, and that 340i.",TaskSet7,Task4,"User: Hi, I'm looking for a BMW.
System: Great, we have a lot of great options here. What type of BMW are you interested in?
User: I'm not really sure. I just know that I want one.
System: Well, let's take a look at what we have and see if anything catches your eye.
User: OK.
System: We have the 3 series, the 5 series, and the 7 series.
User: I like the 3 series.
System: Great, we have a few options in that series. Do you have a particular model in mind?
User: No, not really. I just want something that looks good and drives well.
System: OK, let's take a look at the 3 series then. We have the 320i, 328i, 335i, and 340i."
commerce,2480029,l,2,"User: Hi, I'm looking for a BMW.
System: We got a whole lotta great options here. What kinda BMW you lookin' to get into?
User: I'm not really sure. I just know that I want one.
System: Aight, lemme show ya what we got, see if any of 'em stand out to ya.
User: OK.
System: We got the 3 series, the 5 series, and then there's the 7 series too.
User: I like the 3 series.
System: We got a few options in the 3 series. Now, is there a specific model you're thinkin' 'bout?
User: No, not really. I just want something that looks good and drives well.
System: Let's check out the 3 series then. We got the 320i, 328i, 335i, and 340i.",TaskSet7,Task5,"User: Hi, I'm looking for a BMW.
System: Great, we have a lot of great options here. What type of BMW are you interested in?
User: I'm not really sure. I just know that I want one.
System: Well, let's take a look at what we have and see if anything catches your eye.
User: OK.
System: We have the 3 series, the 5 series, and the 7 series.
User: I like the 3 series.
System: Great, we have a few options in that series. Do you have a particular model in mind?
User: No, not really. I just want something that looks good and drives well.
System: OK, let's take a look at the 3 series then. We have the 320i, 328i, 335i, and 340i."
commerce,2480029,c,2,"User: Hi, I'm looking for a BMW.
System: Listen here, we got plenty nice BMWs up in here. Which model you been thinkin' about?
User: I'm not really sure. I just know that I want one.
System: Baby girl, let's check out what we got on the lot and see which one speak to you.
User: OK.
System: Look here sister, we got the 3 series, the 5 series, and the 7 series on deck.
User: I like the 3 series.
System: Well now, we got a few different ones in that series. Which particular model you been lookin' at?
User: No, not really. I just want something that looks good and drives well.
System: Well chile, lemme show you what we got in that 3 series. We got the 320i, 328i, 335i, and that 340i right over there.",TaskSet7,Task6,"User: Hi, I'm looking for a BMW.
System: Great, we have a lot of great options here. What type of BMW are you interested in?
User: I'm not really sure. I just know that I want one.
System: Well, let's take a look at what we have and see if anything catches your eye.
User: OK.
System: We have the 3 series, the 5 series, and the 7 series.
User: I like the 3 series.
System: Great, we have a few options in that series. Do you have a particular model in mind?
User: No, not really. I just want something that looks good and drives well.
System: OK, let's take a look at the 3 series then. We have the 320i, 328i, 335i, and 340i."
commerce,2480029,l,1,"User: Hi, I'm looking for a BMW.
System: We got a whole lotta great options here. What kinda BMW you lookin' for?
User: I'm not really sure. I just know that I want one.
System: Let me show you what we got, and maybe somethin'll stand out to you.
User: OK.
System: We got the 3 series, the 5 series, and the 7 series, so take a look and see which one catches your eye.
User: I like the 3 series.
System: Now that you're interested in the 3 series, we got a few different models to choose from.
User: No, not really. I just want something that looks good and drives well.
System: Aight, lemme show you what we got in the 3 series. We have the 320i, 328i, 335i, and 340i.",TaskSet7,Task7,"User: Hi, I'm looking for a BMW.
System: Great, we have a lot of great options here. What type of BMW are you interested in?
User: I'm not really sure. I just know that I want one.
System: Well, let's take a look at what we have and see if anything catches your eye.
User: OK.
System: We have the 3 series, the 5 series, and the 7 series.
User: I like the 3 series.
System: Great, we have a few options in that series. Do you have a particular model in mind?
User: No, not really. I just want something that looks good and drives well.
System: OK, let's take a look at the 3 series then. We have the 320i, 328i, 335i, and 340i."
commerce,2480029,g,1,"User: Hi, I'm looking for a BMW.
System: Alright, we got plenty of good options for you. What kind of BMW you lookin' for?
User: I'm not really sure. I just know that I want one.
System: Aight, let's see what we got and find somethin' that catches your eye.
User: OK.
System: Alright, so we got the 3 Series, the 5 Series, and the 7 Series.
User: I like the 3 series.
System: Great, we got a few options in that series. You got a specific model you thinkin' about?
User: No, not really. I just want something that looks good and drives well.
System: Alright, let's check out the 3 Series then. We got the 320i, 328i, 335i, and 340i.",TaskSet7,Task8,"User: Hi, I'm looking for a BMW.
System: Great, we have a lot of great options here. What type of BMW are you interested in?
User: I'm not really sure. I just know that I want one.
System: Well, let's take a look at what we have and see if anything catches your eye.
User: OK.
System: We have the 3 series, the 5 series, and the 7 series.
User: I like the 3 series.
System: Great, we have a few options in that series. Do you have a particular model in mind?
User: No, not really. I just want something that looks good and drives well.
System: OK, let's take a look at the 3 series then. We have the 320i, 328i, 335i, and 340i."
commerce,2480029,g,0,"User: Hi, I'm looking for a BMW.
System: Sure thing! We've got plenty of great options. What kind of BMW are you thinking about?
User: I'm not really sure. I just know that I want one.
System: Alright, let's check out what we've got and see if something stands out to you.
User: OK.
System: We've got the 3 Series, the 5 Series, and the 7 Series for you to check out.
User: I like the 3 series.
System: Great! We've got a few choices in that series. Are you thinking of a specific model?
User: No, not really. I just want something that looks good and drives well.
System: Alright, let's dive into the 3 Series lineup. We've got the 320i, 328i, 335i, and 340i for you to check out.",TaskSet7,Task9,"User: Hi, I'm looking for a BMW.
System: Great, we have a lot of great options here. What type of BMW are you interested in?
User: I'm not really sure. I just know that I want one.
System: Well, let's take a look at what we have and see if anything catches your eye.
User: OK.
System: We have the 3 series, the 5 series, and the 7 series.
User: I like the 3 series.
System: Great, we have a few options in that series. Do you have a particular model in mind?
User: No, not really. I just want something that looks good and drives well.
System: OK, let's take a look at the 3 series then. We have the 320i, 328i, 335i, and 340i."
commerce,2480029,g,2,"User: Hi, I'm looking for a BMW.
System: Alright, we got plenty of good options for you. What kinda BMW you lookin' for?
User: I'm not really sure. I just know that I want one.
System: Aight, let's see what we got and find somethin' that speaks to you.
User: OK.
System: We got the 3 Series, the 5 Series, and the 7 Series for you to check out.
User: I like the 3 series.
System: Alright then, we got a few options in that series. You got a specific model you thinkin' 'bout?
User: No, not really. I just want something that looks good and drives well.
System: Aight, let's check out the 3 Series then. We got the 320i, 328i, 335i, and 340i for you to peep.",TaskSet7,Task10,"User: Hi, I'm looking for a BMW.
System: Great, we have a lot of great options here. What type of BMW are you interested in?
User: I'm not really sure. I just know that I want one.
System: Well, let's take a look at what we have and see if anything catches your eye.
User: OK.
System: We have the 3 series, the 5 series, and the 7 series.
User: I like the 3 series.
System: Great, we have a few options in that series. Do you have a particular model in mind?
User: No, not really. I just want something that looks good and drives well.
System: OK, let's take a look at the 3 series then. We have the 320i, 328i, 335i, and 340i."
education,614597,c,2,"User: Can you tell me more about what philosophy is? I'm just starting to learn about it and I'm not sure I understand it completely.
System: Look here, philosophy is what we call the study of how things really are - you know, the deep stuff about reality, knowledge, and existence. It's a way we look at the world that make us question all them things we just assume is true. Like when we ask ourselves ""what's truth?"" or ""what's real beauty?"" or ""what's true justice?"" These the type of big questions philosophers been tryna figure out since way back when.
User: That sounds really interesting! I never thought about questioning things like that before.
System: Listen, that's what make philosophy so powerful - it got us thinking real deep about the world we living in and where we fit in all of this. It's something special when you start seeing things with new eyes.
User: I see. So, can you give me an example of a philosophical question?
System: Well baby girl, let's talk about what truth really is. That's one of them deep philosophical questions right there. What you think truth is? See, when we start diggin' into what makes somethin' true or not, that's when the real thinkin' begins.
User: Well, I guess I always just assumed that truth was whatever is real or correct.
System: Listen here sister, that's a good start you got there, but it go deeper than that. When we really think about it - how do we know what's real for real? And who get to say what's correct and what ain't? These the kind of questions philosophers been wrestling with since forever and a day.
User: Wow, I never realized there was so much to it! It sounds like philosophy is really complicated.
System: Well honey, it sure can get deep, but that's what make it so special! Philosophy is all about us exploring them big ideas and tryna figure out the answers to life's biggest questions.",TaskSet8,Task1,"User: Can you tell me more about what philosophy is? I'm just starting to learn about it and I'm not sure I understand it completely.
System: Philosophy is the study of the fundamental nature of reality, knowledge, and existence. It's a way of thinking about the world that helps us question everything we take for granted. For example, what is truth? What is beauty? What is justice? These are all big questions that philosophers have been trying to answer for centuries.
User: That sounds really interesting! I never thought about questioning things like that before.
System: Yes, that's one of the great things about philosophy. It forces us to think critically about the world around us and our own place in it.
User: I see. So, can you give me an example of a philosophical question?
System: Sure. Let's take the question of what is truth. What do you think truth is?
User: Well, I guess I always just assumed that truth was whatever is real or correct.
System: That's a good start, but there's a lot more to it than that. For example, how do we know what is real? And what makes something correct? These are all questions that philosophers have been trying to answer for centuries.
User: Wow, I never realized there was so much to it! It sounds like philosophy is really complicated.
System: It can be, but that's part of the fun! Philosophy is all about exploring big ideas and trying to figure out the answers to life's biggest questions."
education,614597,g,2,"User: Can you tell me more about what philosophy is? I'm just starting to learn about it and I'm not sure I understand it completely.
System: Philosophy, it's all about diggin' into the deep stuff—like the nature of reality, knowledge, and existence. It's a way to think 'bout the world that makes you question all the things you usually just roll with. Like, what even is truth? What makes somethin' beautiful? Or what does justice really mean? Folks been wrestlin' with these big questions for centuries, tryna figure it all out.
User: That sounds really interesting! I never thought about questioning things like that before.
System: Yeah, that's the beauty of philosophy right there. It makes you really sit down and think hard 'bout the world we livin' in and where you fit into all of it.
User: I see. So, can you give me an example of a philosophical question?
System: Sure thing. Let's look at this: what is truth? How would you define it?
User: Well, I guess I always just assumed that truth was whatever is real or correct.
System: That's a good start, but it go deeper than that. Like, how we even know what's real? And what makes somethin' right or true? These the kinda questions philosophers been wrestlin' with for ages.
User: Wow, I never realized there was so much to it! It sounds like philosophy is really complicated.
System: It can be, but that's what makes it so fascinatin'. Philosophy's all about diggin' into them big ideas and workin' through life's toughest questions.",TaskSet8,Task2,"User: Can you tell me more about what philosophy is? I'm just starting to learn about it and I'm not sure I understand it completely.
System: Philosophy is the study of the fundamental nature of reality, knowledge, and existence. It's a way of thinking about the world that helps us question everything we take for granted. For example, what is truth? What is beauty? What is justice? These are all big questions that philosophers have been trying to answer for centuries.
User: That sounds really interesting! I never thought about questioning things like that before.
System: Yes, that's one of the great things about philosophy. It forces us to think critically about the world around us and our own place in it.
User: I see. So, can you give me an example of a philosophical question?
System: Sure. Let's take the question of what is truth. What do you think truth is?
User: Well, I guess I always just assumed that truth was whatever is real or correct.
System: That's a good start, but there's a lot more to it than that. For example, how do we know what is real? And what makes something correct? These are all questions that philosophers have been trying to answer for centuries.
User: Wow, I never realized there was so much to it! It sounds like philosophy is really complicated.
System: It can be, but that's part of the fun! Philosophy is all about exploring big ideas and trying to figure out the answers to life's biggest questions."
education,614597,g,0,"User: Can you tell me more about what philosophy is? I'm just starting to learn about it and I'm not sure I understand it completely.
System: Philosophy is all about exploring the big questions in life—things like the nature of reality, knowledge, and existence. It's a way of looking at the world that encourages us to challenge what we usually just accept as true. For instance, what does it mean for something to be true? What makes something beautiful? Or what exactly is justice? These are the kinds of questions philosophers have been digging into for hundreds of years.
User: That sounds really interesting! I never thought about questioning things like that before.
System: Absolutely, that's what makes philosophy so fascinating. It pushes us to really examine the world around us and figure out where we fit into it.
User: I see. So, can you give me an example of a philosophical question?
System: Of course. How about this: what is truth? How would you define it?
User: Well, I guess I always just assumed that truth was whatever is real or correct.
System: That's a solid starting point, but there's a lot more to unpack. For instance, how can we be sure of what's real? And what exactly determines if something is correct? These are the kinds of questions philosophers have been wrestling with for ages.
User: Wow, I never realized there was so much to it! It sounds like philosophy is really complicated.
System: It can be a bit complex, but that's what makes it so engaging! Philosophy is all about diving into big ideas and working through the answers to some of life's most profound questions.",TaskSet8,Task3,"User: Can you tell me more about what philosophy is? I'm just starting to learn about it and I'm not sure I understand it completely.
System: Philosophy is the study of the fundamental nature of reality, knowledge, and existence. It's a way of thinking about the world that helps us question everything we take for granted. For example, what is truth? What is beauty? What is justice? These are all big questions that philosophers have been trying to answer for centuries.
User: That sounds really interesting! I never thought about questioning things like that before.
System: Yes, that's one of the great things about philosophy. It forces us to think critically about the world around us and our own place in it.
User: I see. So, can you give me an example of a philosophical question?
System: Sure. Let's take the question of what is truth. What do you think truth is?
User: Well, I guess I always just assumed that truth was whatever is real or correct.
System: That's a good start, but there's a lot more to it than that. For example, how do we know what is real? And what makes something correct? These are all questions that philosophers have been trying to answer for centuries.
User: Wow, I never realized there was so much to it! It sounds like philosophy is really complicated.
System: It can be, but that's part of the fun! Philosophy is all about exploring big ideas and trying to figure out the answers to life's biggest questions."
education,614597,g,1,"User: Can you tell me more about what philosophy is? I'm just starting to learn about it and I'm not sure I understand it completely.
System: Philosophy, it's all about diggin' into the deep stuff—like the nature of reality, knowledge, and existence. It's a way to think hard 'bout the world and question all the things we usually just roll with. Like, what even is truth? What makes somethin' beautiful? Or what does justice really mean? Folks been wrestlin' with these big questions for centuries now.
User: That sounds really interesting! I never thought about questioning things like that before.
System: Yeah, that's the beauty of philosophy. It makes you really sit down and think hard 'bout the world and where you fit in it.
User: I see. So, can you give me an example of a philosophical question?
System: Sure thing. Let's take this one: what is truth? How would you define it?
User: Well, I guess I always just assumed that truth was whatever is real or correct.
System: That's a good start, but it go deeper than that. Like, how we even know what's real? And what makes somethin' count as correct? These the kinda questions philosophers been wrestlin' with for centuries.
User: Wow, I never realized there was so much to it! It sounds like philosophy is really complicated.
System: It can be, but that's what makes it so interestin'. Philosophy's all about diggin' into big ideas and workin' through life's biggest questions.",TaskSet8,Task4,"User: Can you tell me more about what philosophy is? I'm just starting to learn about it and I'm not sure I understand it completely.
System: Philosophy is the study of the fundamental nature of reality, knowledge, and existence. It's a way of thinking about the world that helps us question everything we take for granted. For example, what is truth? What is beauty? What is justice? These are all big questions that philosophers have been trying to answer for centuries.
User: That sounds really interesting! I never thought about questioning things like that before.
System: Yes, that's one of the great things about philosophy. It forces us to think critically about the world around us and our own place in it.
User: I see. So, can you give me an example of a philosophical question?
System: Sure. Let's take the question of what is truth. What do you think truth is?
User: Well, I guess I always just assumed that truth was whatever is real or correct.
System: That's a good start, but there's a lot more to it than that. For example, how do we know what is real? And what makes something correct? These are all questions that philosophers have been trying to answer for centuries.
User: Wow, I never realized there was so much to it! It sounds like philosophy is really complicated.
System: It can be, but that's part of the fun! Philosophy is all about exploring big ideas and trying to figure out the answers to life's biggest questions."
education,614597,l,2,"User: Can you tell me more about what philosophy is? I'm just starting to learn about it and I'm not sure I understand it completely.
System: Philosophy's like, the study of the real deal, ya know, the nature of reality, knowledge, and existence. It's a way of thinkin' 'bout the world that helps us question all them things we just assume is true. For instance, what's real truth? What makes somethin' beautiful? What's fair and just? These are them big questions that philosophers been tryin' to figure out for a mighty long time.
User: That sounds really interesting! I never thought about questioning things like that before.
System: It's real cool how philosophy gets you to think deep 'bout the world 'round you and your own spot in it.
User: I see. So, can you give me an example of a philosophical question?
System: Now, lemme give you an example of a philosophical question. How 'bout this one: what is truth, exactly?
User: Well, I guess I always just assumed that truth was whatever is real or correct.
System: That's a good start, but hold up, let's break it down some more. See, knowin' what's real and what's correct ain't as simple as it sounds. Philosophers been wrestlin' with them questions for centuries, tryin' to figure out how we know what's real and what makes somethin' correct.
User: Wow, I never realized there was so much to it! It sounds like philosophy is really complicated.
System: It can get pretty deep, but that's what makes it so interestin'. Philosophy's all about explorin' them big ideas and tryin' to get to the bottom of life's biggest questions.",TaskSet8,Task5,"User: Can you tell me more about what philosophy is? I'm just starting to learn about it and I'm not sure I understand it completely.
System: Philosophy is the study of the fundamental nature of reality, knowledge, and existence. It's a way of thinking about the world that helps us question everything we take for granted. For example, what is truth? What is beauty? What is justice? These are all big questions that philosophers have been trying to answer for centuries.
User: That sounds really interesting! I never thought about questioning things like that before.
System: Yes, that's one of the great things about philosophy. It forces us to think critically about the world around us and our own place in it.
User: I see. So, can you give me an example of a philosophical question?
System: Sure. Let's take the question of what is truth. What do you think truth is?
User: Well, I guess I always just assumed that truth was whatever is real or correct.
System: That's a good start, but there's a lot more to it than that. For example, how do we know what is real? And what makes something correct? These are all questions that philosophers have been trying to answer for centuries.
User: Wow, I never realized there was so much to it! It sounds like philosophy is really complicated.
System: It can be, but that's part of the fun! Philosophy is all about exploring big ideas and trying to figure out the answers to life's biggest questions."
education,614597,g,3,"User: Can you tell me more about what philosophy is? I'm just starting to learn about it and I'm not sure I understand it completely.
System: Aight, so philosophy, it's like tryna figure out the real deep stuff 'bout life, ya know? Like, what's real, how we know what we know, an' why we even here. It's all 'bout askin' big ol' questions 'bout the world, like, what's truth? What's beauty? What's justice? Folks been tryna crack these for centuries, tryna make sense of it all.
User: That sounds really interesting! I never thought about questioning things like that before.
System: Mhm, see, that's the beauty of philosophy right there. It make you sit down an' really think hard 'bout the world 'round you an' where you fit in all that.
User: I see. So, can you give me an example of a philosophical question?
System: Aight, lemme hit you wit' one—what's truth, huh? Like, how you even figure out what's real an' what ain't? What you think truth really is?
User: Well, I guess I always just assumed that truth was whatever is real or correct.
System: Aight, that's a start, but it go deeper than that, ya feel me? Like, how we even know what's real out here? An' what make somethin' right or true like that? Folk been wrestlin' wit' these kinda questions for centuries, tryna get to the bottom of it.
User: Wow, I never realized there was so much to it! It sounds like philosophy is really complicated.
System: It can be, but that's the whole vibe, nahmean? Philosophy all 'bout diggin' deep, tryna untangle all them big ol' ideas an' crack the code on life's toughest questions.",TaskSet8,Task6,"User: Can you tell me more about what philosophy is? I'm just starting to learn about it and I'm not sure I understand it completely.
System: Philosophy is the study of the fundamental nature of reality, knowledge, and existence. It's a way of thinking about the world that helps us question everything we take for granted. For example, what is truth? What is beauty? What is justice? These are all big questions that philosophers have been trying to answer for centuries.
User: That sounds really interesting! I never thought about questioning things like that before.
System: Yes, that's one of the great things about philosophy. It forces us to think critically about the world around us and our own place in it.
User: I see. So, can you give me an example of a philosophical question?
System: Sure. Let's take the question of what is truth. What do you think truth is?
User: Well, I guess I always just assumed that truth was whatever is real or correct.
System: That's a good start, but there's a lot more to it than that. For example, how do we know what is real? And what makes something correct? These are all questions that philosophers have been trying to answer for centuries.
User: Wow, I never realized there was so much to it! It sounds like philosophy is really complicated.
System: It can be, but that's part of the fun! Philosophy is all about exploring big ideas and trying to figure out the answers to life's biggest questions."
education,614597,l,3,"User: Can you tell me more about what philosophy is? I'm just starting to learn about it and I'm not sure I understand it completely.
System: Philosophy be da study 'bout da real deal wit reality, knowledge, 'n existence, ya hear? It's like, a way a thinkin' 'bout da world dat helps us question everythang we thought we knew fo sho. F'real, what is truth, right? What's beauty? What's justice? Dese be dem big questions dat philosophers been tryin' to figger out fo centuries now.
User: That sounds really interesting! I never thought about questioning things like that before.
System: Ain't nothin' like philosophy to get ya thinkin' 'bout da world in a whole 'nother way, 'specially when it come to how we fit in it, ya see.
User: I see. So, can you give me an example of a philosophical question?
System: A'ight den, lemme give ya an example, 'kay? Let's say we take dis question 'bout what truth is, word? Whatchu think truth is, fo real?
User: Well, I guess I always just assumed that truth was whatever is real or correct.
System: Dat's a good start, but hold up, lemme break it down fo ya. See, knowin' what's real 'n what's correct ain't as simple as it sound, 'specially when you think 'bout how we figger out what's real in da first place, 'n what makes somethin' correct, ya feelin' me?
User: Wow, I never realized there was so much to it! It sounds like philosophy is really complicated.
System: It can get pretty deep, but dat's what make it so interestin', ya know? Philosophy all 'bout divin' into dem big ideas 'n tryin' to figger out da answers to life's biggest questions, fo sho.",TaskSet8,Task7,"User: Can you tell me more about what philosophy is? I'm just starting to learn about it and I'm not sure I understand it completely.
System: Philosophy is the study of the fundamental nature of reality, knowledge, and existence. It's a way of thinking about the world that helps us question everything we take for granted. For example, what is truth? What is beauty? What is justice? These are all big questions that philosophers have been trying to answer for centuries.
User: That sounds really interesting! I never thought about questioning things like that before.
System: Yes, that's one of the great things about philosophy. It forces us to think critically about the world around us and our own place in it.
User: I see. So, can you give me an example of a philosophical question?
System: Sure. Let's take the question of what is truth. What do you think truth is?
User: Well, I guess I always just assumed that truth was whatever is real or correct.
System: That's a good start, but there's a lot more to it than that. For example, how do we know what is real? And what makes something correct? These are all questions that philosophers have been trying to answer for centuries.
User: Wow, I never realized there was so much to it! It sounds like philosophy is really complicated.
System: It can be, but that's part of the fun! Philosophy is all about exploring big ideas and trying to figure out the answers to life's biggest questions."
education,614597,c,3,"User: Can you tell me more about what philosophy is? I'm just starting to learn about it and I'm not sure I understand it completely.
System: Listen here sug, lemme break it down fo' you real simple-like. Philosophy be dat deep thinkin' bout life n' everythang around us - how we know what we know, what's real and what ain't. It's when folks be sittin' round wonderin' bout dem big questions in life. Like when we say somethin' true, what make it true? When we see somethin' beautiful, what make it beautiful? When we talkin' bout justice, what dat really mean? All dem smart folks been tryna figure dis stuff out since way back when.
User: That sounds really interesting! I never thought about questioning things like that before.
System: Mhmm, dat's what make philosophy so special, ya heard? It make us look real deep at everything round us and figure out where we fit in dis whole big world. Got us thinkin' bout stuff we ain't never questioned befo'.
User: I see. So, can you give me an example of a philosophical question?
System: Sho nuff, let me put you on to somethin'. Take dis question right here - what is truth? What you reckon truth really is? See, dat's da kinda deep philosophical question dat got folks scratchin' they heads since forever, ya understand what I'm sayin'? We be usin' dis word 'truth' everyday but when you really sit down and think bout what make somethin' true, it ain't so simple no mo'.
User: Well, I guess I always just assumed that truth was whatever is real or correct.
System: Nah sis, you on the right track, but it go way deeper den dat. Like, how we s'posed to know what's real real? And who get to say what's correct and what ain't? All dem deep thinkers been rackin' they brains tryna figure dis stuff out for hundreds and hundreds of years, and we still ain't got it all figured out.
User: Wow, I never realized there was so much to it! It sounds like philosophy is really complicated.
System: Sho' nuff it can be complicated, but dat's what make it so good! Philosophy all about diggin' deep into dem big ideas and tryna figure out what life really bout. We be out here explorin' all dem heavy questions dat keep us up at night, feel me? Dat's what make it worth it tho - ain't nothin' quite like when you start seein' thangs in a whole new light.",TaskSet8,Task8,"User: Can you tell me more about what philosophy is? I'm just starting to learn about it and I'm not sure I understand it completely.
System: Philosophy is the study of the fundamental nature of reality, knowledge, and existence. It's a way of thinking about the world that helps us question everything we take for granted. For example, what is truth? What is beauty? What is justice? These are all big questions that philosophers have been trying to answer for centuries.
User: That sounds really interesting! I never thought about questioning things like that before.
System: Yes, that's one of the great things about philosophy. It forces us to think critically about the world around us and our own place in it.
User: I see. So, can you give me an example of a philosophical question?
System: Sure. Let's take the question of what is truth. What do you think truth is?
User: Well, I guess I always just assumed that truth was whatever is real or correct.
System: That's a good start, but there's a lot more to it than that. For example, how do we know what is real? And what makes something correct? These are all questions that philosophers have been trying to answer for centuries.
User: Wow, I never realized there was so much to it! It sounds like philosophy is really complicated.
System: It can be, but that's part of the fun! Philosophy is all about exploring big ideas and trying to figure out the answers to life's biggest questions."
education,614597,c,1,"User: Can you tell me more about what philosophy is? I'm just starting to learn about it and I'm not sure I understand it completely.
System: Look here, philosophy is the study of the fundamental nature of reality, knowledge, and existence. It's a deep way of thinkin' about the world that helps us question everything we take for granted. For example, what is truth? What is beauty? What is justice? These are all big questions that folks been tryin' to answer for centuries.
User: That sounds really interesting! I never thought about questioning things like that before.
System: Well baby, that's exactly what makes philosophy so special. It really gets us to look hard at the world around us and think deep about where we fit in all of this.
User: I see. So, can you give me an example of a philosophical question?
System: Listen, that's a good one to start with. What do you think truth is? It's the kind of deep question that really makes you think about what's real and what's not.
User: Well, I guess I always just assumed that truth was whatever is real or correct.
System: Well now, that's a good start, but there's a lot more to it than that. For example, how do we really know what's real? And what makes somethin' correct? These are all questions that philosophers been tryin' to answer for centuries.
User: Wow, I never realized there was so much to it! It sounds like philosophy is really complicated.
System: Listen here, it sure can be complex, but that's what makes it so interesting! Philosophy is all about exploring those big ideas and trying to figure out the answers to life's biggest questions.",TaskSet8,Task9,"User: Can you tell me more about what philosophy is? I'm just starting to learn about it and I'm not sure I understand it completely.
System: Philosophy is the study of the fundamental nature of reality, knowledge, and existence. It's a way of thinking about the world that helps us question everything we take for granted. For example, what is truth? What is beauty? What is justice? These are all big questions that philosophers have been trying to answer for centuries.
User: That sounds really interesting! I never thought about questioning things like that before.
System: Yes, that's one of the great things about philosophy. It forces us to think critically about the world around us and our own place in it.
User: I see. So, can you give me an example of a philosophical question?
System: Sure. Let's take the question of what is truth. What do you think truth is?
User: Well, I guess I always just assumed that truth was whatever is real or correct.
System: That's a good start, but there's a lot more to it than that. For example, how do we know what is real? And what makes something correct? These are all questions that philosophers have been trying to answer for centuries.
User: Wow, I never realized there was so much to it! It sounds like philosophy is really complicated.
System: It can be, but that's part of the fun! Philosophy is all about exploring big ideas and trying to figure out the answers to life's biggest questions."
education,614597,l,1,"User: Can you tell me more about what philosophy is? I'm just starting to learn about it and I'm not sure I understand it completely.
System: Philosophy is basically the study of the fundamental nature of reality, knowledge, and existence, ya hear? It's a way of thinkin' about the world that helps us question everything we take for granted. For instance, what's truth, really? What's beauty? What's justice? These are all them big questions that philosophers been tryin' to figure out for centuries.
User: That sounds really interesting! I never thought about questioning things like that before.
System: One of the beautiful things about philosophy is it makes you think critically 'bout the world 'round you and your own place in it.
User: I see. So, can you give me an example of a philosophical question?
System: Now, let's consider the question of what truth is. What's your take on it?
User: Well, I guess I always just assumed that truth was whatever is real or correct.
System: That's a solid start, but there's more depth to it. See, how do we determine what's real, and what makes somethin' correct? These are the kinds of questions philosophers been wrestlin' with for centuries.
User: Wow, I never realized there was so much to it! It sounds like philosophy is really complicated.
System: It can be complex, but that's what makes it so engagin'. Philosophy's all about explorin' big ideas and tryin' to figure out the answers to life's biggest questions.",TaskSet8,Task10,"User: Can you tell me more about what philosophy is? I'm just starting to learn about it and I'm not sure I understand it completely.
System: Philosophy is the study of the fundamental nature of reality, knowledge, and existence. It's a way of thinking about the world that helps us question everything we take for granted. For example, what is truth? What is beauty? What is justice? These are all big questions that philosophers have been trying to answer for centuries.
User: That sounds really interesting! I never thought about questioning things like that before.
System: Yes, that's one of the great things about philosophy. It forces us to think critically about the world around us and our own place in it.
User: I see. So, can you give me an example of a philosophical question?
System: Sure. Let's take the question of what is truth. What do you think truth is?
User: Well, I guess I always just assumed that truth was whatever is real or correct.
System: That's a good start, but there's a lot more to it than that. For example, how do we know what is real? And what makes something correct? These are all questions that philosophers have been trying to answer for centuries.
User: Wow, I never realized there was so much to it! It sounds like philosophy is really complicated.
System: It can be, but that's part of the fun! Philosophy is all about exploring big ideas and trying to figure out the answers to life's biggest questions."
